chr4	24478	24978	1	1	1	4	0	36
chr4	25154	25217	1	1	1	4	0	44
chr4	25342	25416	1	1	0	2	0	32
chr4	25451	25500	1	1	1	9	0	50
chr4	27102	27166	2	2	1	0	8	43
chr4	27350	28370	2	2	1	0	35	48
chr4	29578	63539	2	2	0	0	1	24
chr4	30019	43236	1	1	0	0	1	45
chr4	30019	51173	1	1	0	0	1	45
chr4	30019	58140	1	1	0	0	1	45
chr4	33729	33798	2	2	0	0	1	35
chr4	33729	48178	2	2	0	0	1	35
chr4	33884	33948	2	2	1	0	12	48
chr4	34132	41595	2	2	1	0	35	48
chr4	42180	42237	2	2	1	0	6	23
chr4	42850	63539	2	2	0	0	1	24
chr4	43291	51173	1	1	0	0	1	45
chr4	43291	58140	1	1	0	0	1	45
chr4	48109	48178	2	2	0	0	1	35
chr4	48109	53666	2	2	0	0	1	35
chr4	48264	48328	2	2	1	0	12	48
chr4	48512	49532	2	2	1	0	22	48
chr4	50117	50174	2	2	1	0	6	23
chr4	50787	63539	2	2	0	0	1	24
chr4	51228	58140	1	1	0	0	1	45
chr4	53597	53666	2	2	0	0	1	35
chr4	53752	53816	2	2	1	3	12	50
chr4	54000	56499	2	2	1	0	35	48
chr4	57084	57141	2	2	1	0	6	23
chr4	57754	63539	2	2	0	0	1	24
chr4	61912	62843	2	2	0	2	0	45
chr4	61912	63539	2	2	1	16	0	47
chr4	71089	71141	2	2	1	19	0	49
chr4	71307	71370	2	2	1	22	0	49
chr4	71884	71939	2	2	1	17	0	49
chr4	72071	72124	2	2	0	1	0	13
chr4	72581	72642	2	2	1	24	0	49
chr4	73011	76456	2	2	1	13	0	45
chr4	81042	81195	1	1	0	2	0	44
chr4	86148	86625	2	2	0	1	0	43
chr4	87365	87465	2	2	1	994	2	50
chr4	87530	87769	2	2	0	1	0	16
chr4	87533	87769	2	2	0	1	0	42
chr4	90238	92946	1	1	0	1	0	21
chr4	90379	90461	1	1	0	1	0	34
chr4	90608	92946	1	1	1	3	0	44
chr4	93221	93442	1	1	1	3	0	28
chr4	93489	95693	1	1	1	7	0	46
chr4	95792	103263	1	1	1	10	0	46
chr4	103373	106337	1	1	1	11	0	49
chr4	106426	106478	1	1	1	8	0	44
chr4	106560	107642	1	1	1	7	0	50
chr4	107793	115048	1	1	1	13	1	50
chr4	113900	115048	1	1	1	2	0	30
chr4	115242	115462	1	1	1	9	1	50
chr4	115242	118447	1	1	1	2	1	19
chr4	115629	120031	1	1	1	3	0	47
chr4	120102	124708	1	1	0	3	0	39
chr4	120102	127701	1	1	0	1	0	20
chr4	120102	128028	1	1	1	6	0	40
chr4	124815	124929	1	1	0	1	0	49
chr4	125155	128028	1	1	0	2	0	35
chr4	128999	129052	1	1	0	3	0	37
chr4	135812	135883	2	2	0	1	0	31
chr4	135815	135883	2	2	0	1	0	49
chr4	137255	137311	2	2	1	1	0	38
chr4	137257	137311	2	2	1	18	0	49
chr4	137345	137445	2	2	0	1	0	27
chr4	139128	139180	2	2	1	13	0	48
chr4	139406	139463	2	2	1	31	0	50
chr4	139558	140513	2	2	1	29	0	48
chr4	140839	141483	2	2	1	32	0	49
chr4	142426	142478	2	2	1	7	0	50
chr4	142583	142934	2	2	1	13	0	49
chr4	144049	144406	2	2	0	2	0	25
chr4	144049	144410	2	2	1	20	0	50
chr4	144519	149947	2	2	1	17	1	48
chr4	150069	150180	2	2	1	1	0	30
chr4	150069	150295	2	2	1	5	0	17
chr4	150069	150353	2	2	1	2	0	12
chr4	150069	150423	2	2	0	1	0	23
chr4	152914	153811	1	1	1	10	0	46
chr4	153025	153811	1	1	0	2	0	27
chr4	153858	154213	1	1	1	7	0	27
chr4	153862	154213	1	1	1	2	0	31
chr4	153862	157504	1	1	0	1	0	16
chr4	153880	153932	2	2	0	2	0	36
chr4	154027	157494	2	2	0	1	0	34
chr4	154340	154420	1	1	1	5	0	46
chr4	154551	155450	1	1	1	1	0	17
chr4	154551	155497	1	1	0	1	0	36
chr4	155591	157504	1	1	1	10	1	42
chr4	157014	157264	1	1	0	1	0	40
chr4	157014	157504	1	1	0	1	0	46
chr4	157404	157504	1	1	1	2	0	38
chr4	157625	157698	1	1	0	1	0	45
chr4	157794	157848	1	1	1	25	0	50
chr4	157959	158016	1	1	1	19	0	49
chr4	158379	158432	1	1	1	20	0	49
chr4	158937	158999	1	1	1	23	0	48
chr4	159201	160447	1	1	1	1	0	32
chr4	159201	160895	1	1	1	18	0	43
chr4	162754	162825	1	1	1	12	0	49
chr4	171463	172367	1	1	1	2	0	35
chr4	172757	172820	1	1	1	5	0	47
chr4	173005	173064	1	1	1	6	0	50
chr4	173548	173609	1	1	1	1	0	11
chr4	175575	175638	2	2	0	1	0	37
chr4	175575	175652	2	2	0	2	0	41
chr4	175592	175652	2	2	1	175	0	50
chr4	175774	176390	2	2	1	175	2	50
chr4	175774	194776	2	2	0	1	0	14
chr4	179069	179125	2	2	0	3	0	48
chr4	179204	179269	2	2	0	7	0	46
chr4	179244	179847	2	2	0	1	0	31
chr4	179326	179847	2	2	0	1	0	25
chr4	179331	179847	2	2	0	7	0	48
chr4	179918	179980	2	2	0	1	0	15
chr4	180339	180392	2	2	1	6	0	43
chr4	180902	180957	2	2	0	6	0	46
chr4	181088	181150	2	2	0	1	0	47
chr4	181390	181447	2	2	0	5	0	49
chr4	181558	185087	2	2	0	1	0	20
chr4	182278	194736	2	2	0	1	0	27
chr4	185022	185087	2	2	1	7	0	41
chr4	185283	185340	2	2	1	2	0	9
chr4	185691	194736	2	2	0	2	2	41
chr4	187983	188035	2	2	0	1	0	45
chr4	188660	194736	2	2	0	1	0	46
chr4	194363	194736	2	2	1	10	0	46
chr4	194791	195109	2	2	0	1	0	19
chr4	194791	195410	2	2	1	30	1	50
chr4	195595	195735	2	2	0	7	0	45
chr4	195595	195988	2	2	0	2	0	16
chr4	198619	199403	2	2	1	28	0	50
chr4	199459	199562	2	2	0	1	0	27
chr4	199463	199562	2	2	0	2	0	40
chr4	199507	199562	2	2	1	14	0	45
chr4	199661	199717	2	2	1	28	0	49
chr4	199838	199889	2	2	1	23	0	50
chr4	202136	202194	2	2	0	1	0	26
chr4	202143	202194	2	2	0	4	0	25
chr4	205241	205295	2	2	1	32	0	47
chr4	205241	205298	2	2	0	1	0	31
chr4	205422	206452	2	2	1	36	0	49
chr4	206543	206603	2	2	1	20	0	47
chr4	207467	208622	2	2	1	16	0	50
chr4	208796	208855	2	2	1	25	0	50
chr4	208796	209050	2	2	0	2	0	37
chr4	208996	209050	2	2	1	28	0	49
chr4	209150	209203	2	2	1	27	0	49
chr4	209150	210623	2	2	0	2	0	47
chr4	209875	210623	2	2	1	11	0	47
chr4	209875	211934	2	2	0	3	0	46
chr4	209875	214049	2	2	0	1	0	31
chr4	209875	214298	2	2	1	2	0	38
chr4	210688	214298	2	2	0	6	0	49
chr4	212013	213674	2	2	0	1	0	30
chr4	222010	222066	2	2	1	13	0	47
chr4	222285	224605	2	2	1	6	0	50
chr4	225201	225265	2	2	1	5	0	46
chr4	225419	226366	2	2	1	9	0	48
chr4	225419	226474	2	2	0	1	0	39
chr4	225637	226366	2	2	0	1	0	21
chr4	230975	231063	1	1	0	1	0	37
chr4	230989	231183	1	1	0	1	0	17
chr4	231113	231183	1	1	1	51	0	49
chr4	231302	232264	1	1	1	1	0	28
chr4	231307	231369	1	1	0	1	0	28
chr4	231307	232215	1	1	1	41	0	49
chr4	231307	232253	1	1	0	1	0	16
chr4	231307	232264	1	1	0	1	0	36
chr4	231307	232479	1	1	0	2	0	21
chr4	231307	233253	1	1	0	5	0	48
chr4	232421	232479	1	1	1	26	0	50
chr4	232449	233253	1	1	0	2	0	22
chr4	232609	233253	1	1	1	38	0	48
chr4	232881	233253	1	1	0	1	0	14
chr4	233356	233416	1	1	1	45	0	50
chr4	235894	235955	2	2	1	12	0	48
chr4	236187	238031	2	2	1	11	0	42
chr4	236739	236793	1	1	0	1	0	12
chr4	238121	238873	2	2	1	14	0	48
chr4	239007	239071	2	2	1	20	0	47
chr4	239517	240516	2	2	1	8	0	37
chr4	240244	240516	2	2	0	1	0	48
chr4	240655	240769	2	2	1	14	0	46
chr4	241064	243166	2	2	1	10	0	42
chr4	243225	243279	2	2	1	15	0	41
chr4	243363	243416	2	2	1	10	0	50
chr4	243639	244182	2	2	1	4	0	48
chr4	244368	244443	2	2	0	1	0	41
chr4	244513	244570	2	2	1	14	0	50
chr4	245066	246387	2	2	1	9	0	49
chr4	247870	247954	1	1	0	1	0	43
chr4	248867	249530	1	1	1	18	0	49
chr4	248867	249562	1	1	0	2	0	43
chr4	249110	249341	2	2	0	1	0	16
chr4	249501	249556	2	2	0	3	0	37
chr4	249791	251318	2	2	0	1	0	22
chr4	250198	250536	1	1	1	13	0	47
chr4	252227	252560	1	3	1	13	0	43
chr4	252254	252560	1	1	1	1	0	11
chr4	252604	252904	1	1	1	1	0	36
chr4	252604	254890	1	1	1	22	0	45
chr4	254972	257020	1	1	1	27	0	48
chr4	254972	257894	1	1	0	5	0	46
chr4	255571	257020	1	1	1	1	0	31
chr4	257102	257894	1	1	1	28	0	50
chr4	257102	260939	1	1	0	1	0	46
chr4	258186	260939	1	1	1	22	0	49
chr4	260863	260939	1	1	0	2	0	48
chr4	261025	261270	1	1	1	26	0	46
chr4	261025	263086	1	1	0	1	0	14
chr4	261460	263086	1	1	1	22	0	48
chr4	263306	263795	1	1	1	19	0	49
chr4	263306	263801	1	1	0	2	0	26
chr4	264212	264259	1	1	1	37	0	50
chr4	264375	264441	1	1	0	2	0	35
chr4	264375	265043	1	1	0	5	0	45
chr4	264375	265065	1	1	0	3	0	46
chr4	264375	265805	1	1	1	17	0	47
chr4	264634	265805	1	1	0	2	0	18
chr4	267855	270182	2	2	0	2	0	46
chr4	270362	270415	2	2	1	2	0	40
chr4	270604	270659	2	2	1	8	0	48
chr4	270763	270815	2	2	1	8	0	49
chr4	270870	271940	2	2	1	8	0	37
chr4	272152	272680	2	2	1	7	0	49
chr4	272797	273449	2	2	1	1	0	8
chr4	273510	273826	2	2	0	1	0	47
chr4	273640	273826	2	2	0	1	0	39
chr4	278031	278937	1	1	1	2	0	46
chr4	279299	279903	1	1	1	2	0	10
chr4	279997	280072	1	1	1	5	0	40
chr4	280231	281855	1	1	1	3	0	48
chr4	282138	282199	1	1	1	3	0	45
chr4	282689	283831	1	1	0	1	0	20
chr4	283967	284977	1	1	0	1	0	33
chr4	290331	291060	2	2	0	1	0	33
chr4	291126	291185	2	2	1	13	0	47
chr4	291382	291694	2	2	1	3	0	47
chr4	292474	292540	2	2	1	12	0	45
chr4	292742	293740	2	2	0	1	0	35
chr4	292799	292851	2	2	1	8	0	50
chr4	293035	293740	2	2	1	5	0	45
chr4	294339	294386	2	2	1	8	0	48
chr4	294543	296205	2	2	1	7	0	43
chr4	296346	296916	2	2	1	6	0	48
chr4	300866	300950	2	2	1	8	0	46
chr4	300866	302349	2	2	0	1	0	44
chr4	301058	301122	2	2	1	2	0	28
chr4	301164	302349	2	2	1	7	0	48
chr4	302519	302573	2	2	1	6	0	45
chr4	302655	303061	2	2	1	4	0	48
chr4	303365	322867	2	2	1	7	0	38
chr4	322003	322867	2	2	0	1	0	24
chr4	322950	323011	2	2	1	2	0	39
chr4	323153	325641	2	2	1	3	0	40
chr4	325805	326321	0	0	1	2	0	42
chr4	328916	329038	1	1	1	1	0	3
chr4	328916	329056	1	1	1	24	0	48
chr4	329706	330164	1	1	1	37	0	49
chr4	330260	330319	1	1	1	44	0	50
chr4	330644	330704	1	1	1	43	0	49
chr4	333925	333982	2	2	1	27	0	46
chr4	334269	334324	2	2	1	4	0	47
chr4	334269	334373	2	2	1	18	0	46
chr4	335584	337018	1	1	0	2	0	37
chr4	335806	335870	1	1	0	1	0	30
chr4	335806	337018	1	1	1	4	0	45
chr4	337136	340074	1	1	1	19	0	49
chr4	340708	348391	1	5	0	0	2	33
chr4	350055	350896	2	2	1	43	0	50
chr4	350966	352023	2	2	1	3	0	27
chr4	350966	352240	2	2	0	1	0	22
chr4	350966	354970	2	2	0	2	0	42
chr4	350966	358161	2	2	0	7	0	15
chr4	350966	363547	2	2	1	14	0	49
chr4	352629	363547	2	2	1	33	0	50
chr4	355700	363547	2	2	1	1	0	28
chr4	358174	363547	2	2	0	7	0	16
chr4	363687	369620	2	2	1	59	0	50
chr4	369773	369838	2	2	1	39	0	45
chr4	370051	370106	2	2	1	76	0	50
chr4	370306	370355	2	2	1	58	0	49
chr4	370670	371228	2	2	1	53	2	49
chr4	371317	371390	2	2	1	47	0	49
chr4	371836	372211	2	2	1	50	0	50
chr4	372454	372509	2	2	1	59	0	49
chr4	372753	372806	2	2	1	40	0	50
chr4	373217	374568	2	2	1	44	0	37
chr4	373217	374976	2	2	0	9	0	49
chr4	374605	374976	2	2	1	43	0	37
chr4	375188	375305	2	2	1	44	0	50
chr4	375593	375656	2	2	1	49	0	50
chr4	375852	375935	2	2	1	43	0	48
chr4	376108	378388	2	2	0	1	0	41
chr4	376108	379175	2	2	1	29	0	45
chr4	376108	379257	2	2	1	2	0	8
chr4	380911	381212	1	1	1	1	0	20
chr4	381633	382929	1	1	1	12	0	47
chr4	383240	383296	1	1	1	11	0	42
chr4	383509	383571	1	1	1	7	0	43
chr4	383761	384119	1	1	1	12	0	48
chr4	384266	384493	1	1	1	13	0	46
chr4	385568	386299	1	1	1	16	0	46
chr4	387389	390132	1	1	1	13	0	47
chr4	387389	391716	1	1	0	1	0	18
chr4	390281	391716	1	1	0	1	0	40
chr4	390371	390435	1	1	1	21	0	46
chr4	390591	391716	1	1	1	16	0	48
chr4	391984	392438	1	1	1	16	0	48
chr4	392803	392875	1	1	1	18	1	49
chr4	397258	397719	2	2	1	6	0	47
chr4	398296	398383	2	2	1	3	0	33
chr4	398452	398510	2	2	1	3	0	24
chr4	398829	399021	2	2	1	1	0	9
chr4	399155	399341	2	2	0	1	0	21
chr4	399188	399341	2	2	1	1	0	40
chr4	399527	402748	2	2	1	1	0	3
chr4	403035	407532	2	2	1	4	0	41
chr4	406636	407532	2	2	0	1	0	35
chr4	407611	411050	2	2	1	7	0	45
chr4	448326	450122	1	1	0	1	0	38
chr4	448338	450122	1	1	0	1	0	45
chr4	459545	459600	2	2	1	8	0	47
chr4	459792	460073	2	2	1	9	0	49
chr4	462078	462805	2	2	1	8	0	48
chr4	463016	463489	2	2	1	12	0	30
chr4	463781	463838	2	2	1	8	0	43
chr4	464110	464171	2	2	0	1	0	21
chr4	466798	467301	1	1	1	1	0	27
chr4	466798	467726	1	1	0	1	0	35
chr4	466858	467256	1	1	1	2	0	40
chr4	466858	467726	1	1	0	2	0	48
chr4	466896	467256	1	1	0	1	0	32
chr4	467113	467256	1	1	1	3	0	29
chr4	467374	467424	1	1	0	2	0	42
chr4	467374	467446	1	1	0	4	0	44
chr4	467378	467446	1	1	1	12	0	49
chr4	467662	467726	1	1	1	27	0	48
chr4	467862	470549	1	1	1	34	0	46
chr4	467862	470846	1	1	0	1	0	28
chr4	467862	470867	1	1	1	18	0	39
chr4	470595	470867	1	1	1	38	0	46
chr4	470943	470996	1	1	1	47	0	49
chr4	471136	471815	1	1	1	44	0	46
chr4	472081	473243	1	1	1	41	0	49
chr4	473371	473428	1	1	1	36	0	50
chr4	473517	473597	1	1	1	39	0	50
chr4	480768	480828	2	2	1	22	0	44
chr4	481283	481339	2	2	1	25	0	47
chr4	481674	482130	2	2	1	13	0	39
chr4	482955	483013	2	2	1	36	0	50
chr4	483128	483680	2	2	1	24	0	50
chr4	485367	485422	2	2	1	14	0	48
chr4	485942	487126	2	2	1	7	0	47
chr4	488320	488376	1	1	1	4	0	40
chr4	488621	488681	1	1	0	1	0	33
chr4	488621	489415	1	1	0	3	0	45
chr4	488621	489782	1	1	0	4	2	35
chr4	488621	491639	1	1	0	8	0	41
chr4	488845	489415	1	1	0	1	0	32
chr4	488849	489782	1	1	0	1	0	32
chr4	489957	490780	1	1	0	1	0	30
chr4	489957	491639	1	1	0	9	0	45
chr4	493147	493203	2	2	1	16	0	46
chr4	493304	493772	2	2	1	14	0	48
chr4	494346	495078	2	2	1	4	0	48
chr4	495395	495585	2	2	1	3	0	45
chr4	495395	497917	2	2	0	2	0	28
chr4	495731	497588	2	2	1	3	0	47
chr4	497729	497917	2	2	1	6	0	27
chr4	498710	499163	2	2	1	11	0	45
chr4	499365	499425	2	2	1	5	0	20
chr4	499495	500660	2	2	1	2	0	32
chr4	500865	500927	2	2	1	7	0	44
chr4	501318	501401	2	2	1	5	0	38
chr4	501768	501834	2	2	1	13	0	47
chr4	502331	502436	2	2	1	4	0	40
chr4	502331	504126	2	2	1	2	0	40
chr4	523053	524476	1	1	0	1	0	47
chr4	524765	536207	1	1	1	5	0	42
chr4	536258	542098	1	1	1	6	0	49
chr4	536258	550318	1	1	0	1	0	33
chr4	543731	544956	1	1	1	5	0	46
chr4	545139	545529	1	1	1	1	0	12
chr4	547147	550318	1	1	1	1	0	48
chr4	551720	551781	1	1	1	5	0	43
chr4	552006	552061	1	1	1	3	0	43
chr4	552410	553408	1	1	1	6	0	48
chr4	553553	553608	1	1	1	3	0	40
chr4	556507	557591	1	1	0	4	0	46
chr4	556507	562462	1	1	0	1	0	39
chr4	557702	557800	1	1	0	6	0	46
chr4	558387	559163	1	1	1	8	0	48
chr4	559231	559284	1	1	1	11	0	45
chr4	568770	569884	2	2	1	9	0	49
chr4	570248	570339	2	2	1	17	1	48
chr4	570500	571379	2	2	1	13	1	49
chr4	572007	572616	2	2	1	26	0	49
chr4	573905	574260	2	2	0	1	0	35
chr4	574368	577155	2	2	0	1	0	25
chr4	574368	578068	2	2	1	7	0	46
chr4	574368	580280	2	2	0	1	0	39
chr4	577984	578068	2	2	0	1	0	25
chr4	578795	580720	1	1	1	7	0	47
chr4	578795	580723	1	1	1	1	0	35
chr4	578896	580720	1	1	0	1	0	20
chr4	578927	580720	1	1	1	6	0	44
chr4	579579	580007	1	1	0	1	0	17
chr4	580533	580720	1	1	0	1	0	13
chr4	580927	580974	1	1	1	18	0	48
chr4	580927	580997	1	1	1	1	0	32
chr4	581038	581096	1	1	1	18	0	45
chr4	581210	581343	1	1	1	16	1	43
chr4	581447	584986	1	1	1	18	0	49
chr4	585106	585166	1	1	1	13	1	46
chr4	585289	586032	1	1	1	7	0	50
chr4	585289	586035	1	1	1	15	0	43
chr4	586142	586226	1	1	1	18	0	47
chr4	589683	589739	2	2	1	60	0	49
chr4	589928	590600	2	2	1	62	0	49
chr4	590803	590859	2	2	1	38	0	49
chr4	590970	591034	2	2	1	44	0	49
chr4	591160	591229	2	2	1	46	0	49
chr4	592410	594238	1	1	1	1	0	6
chr4	592593	594238	1	1	1	5	0	30
chr4	592646	594238	1	1	0	1	0	19
chr4	595055	595960	1	1	1	17	0	43
chr4	595055	596327	1	1	0	1	0	17
chr4	596272	596327	1	1	1	13	0	50
chr4	596952	597604	1	1	1	18	0	49
chr4	603477	604414	1	1	0	1	0	20
chr4	603852	604414	1	1	1	2	0	23
chr4	604490	604561	1	1	1	4	0	39
chr4	604645	605387	1	1	1	3	0	46
chr4	605558	605615	1	1	1	2	0	24
chr4	605801	605923	1	1	1	2	0	43
chr4	606399	606465	1	1	1	3	0	42
chr4	606565	607527	1	1	1	2	0	50
chr4	607720	608468	1	1	1	2	0	47
chr4	607720	609197	1	1	0	3	0	35
chr4	608669	609197	1	1	1	2	0	38
chr4	622156	622382	2	2	1	3	0	21
chr4	622562	623937	2	2	1	4	0	28
chr4	624879	625628	2	2	1	2	0	7
chr4	631523	631910	1	1	1	17	0	49
chr4	631732	631910	1	1	0	1	0	23
chr4	632065	632138	1	1	1	1	0	7
chr4	632282	632352	1	1	1	13	0	47
chr4	632433	634240	1	1	1	12	0	48
chr4	634422	634562	1	1	1	10	0	42
chr4	634992	635661	1	1	0	1	0	23
chr4	635049	635661	1	1	1	11	0	49
chr4	636550	636630	1	1	1	22	0	49
chr4	636808	637929	1	1	1	10	0	48
chr4	636808	638973	1	1	1	11	0	44
chr4	637978	638973	1	1	1	9	0	46
chr4	639103	639161	1	1	1	23	0	50
chr4	639258	639318	1	3	1	15	0	49
chr4	639690	640262	1	1	1	20	0	49
chr4	640410	640473	1	1	1	20	0	49
chr4	640804	640879	1	1	1	23	0	48
chr4	642499	642554	1	1	0	1	0	13
chr4	645290	645397	2	2	1	8	0	48
chr4	645534	646072	2	2	0	1	0	18
chr4	645563	646157	2	2	0	1	0	36
chr4	645568	646129	2	2	0	1	0	49
chr4	650606	652252	1	1	1	6	0	48
chr4	652521	652653	1	1	1	6	0	42
chr4	652756	652833	1	1	1	8	0	50
chr4	653015	653073	1	1	1	7	0	49
chr4	653342	653954	1	1	1	6	0	46
chr4	654059	654116	1	1	1	3	0	49
chr4	654487	654546	1	1	1	2	0	13
chr4	654751	654802	1	1	1	9	0	48
chr4	654971	655035	1	1	1	7	0	47
chr4	657245	659640	2	2	1	2	0	18
chr4	660161	660218	2	2	1	2	0	41
chr4	660675	660732	2	2	1	1	0	7
chr4	660838	660898	2	2	1	1	0	13
chr4	661103	661158	2	2	1	3	0	49
chr4	661363	662901	2	2	1	2	0	30
chr4	661363	663117	2	2	0	1	0	19
chr4	663055	663117	2	2	1	1	0	46
chr4	663355	664614	2	2	1	3	0	27
chr4	666809	666858	2	2	1	1	0	16
chr4	667021	667070	2	2	1	4	0	44
chr4	671657	672930	2	2	1	39	0	49
chr4	673205	673271	2	2	0	2	0	31
chr4	673211	673271	2	2	1	38	0	49
chr4	673460	673526	2	2	0	18	0	49
chr4	673469	673526	2	2	1	28	0	47
chr4	673678	674495	2	2	1	33	0	49
chr4	674675	675130	2	2	1	49	0	50
chr4	675416	675686	2	2	0	1	0	17
chr4	675425	675686	2	2	1	23	0	48
chr4	676062	676841	2	2	1	27	0	48
chr4	678311	678527	2	2	1	44	0	44
chr4	679135	680185	2	2	1	3	0	17
chr4	679135	680503	2	2	1	1	0	43
chr4	679135	680546	2	2	1	1	0	10
chr4	679135	681028	2	2	0	1	0	40
chr4	679135	681054	2	2	1	8	0	35
chr4	680652	684480	1	1	0	1	0	47
chr4	681242	684191	1	1	0	1	0	40
chr4	682607	683702	2	2	0	1	0	17
chr4	684369	684480	1	1	1	4	0	19
chr4	684967	685613	1	1	1	19	0	49
chr4	684967	686576	1	1	0	1	0	49
chr4	685729	686576	1	1	0	1	0	30
chr4	685932	686576	1	1	1	10	0	49
chr4	687559	689045	1	1	1	7	0	35
chr4	687559	689755	1	1	0	2	0	47
chr4	689201	689755	1	1	1	18	1	47
chr4	691793	701065	1	1	0	2	0	22
chr4	692014	701065	1	1	0	2	0	47
chr4	693287	700350	2	2	0	1	0	37
chr4	693364	699799	2	2	0	0	1	26
chr4	693364	699901	2	2	0	0	1	26
chr4	699060	700350	2	2	0	3	0	42
chr4	699647	700165	2	2	0	0	1	23
chr4	699859	700165	2	2	0	0	4	48
chr4	699961	700165	2	2	0	0	4	48
chr4	700931	700988	1	1	0	1	0	33
chr4	700931	701065	1	1	0	1	0	12
chr4	701762	705206	1	1	1	10	0	47
chr4	712986	713050	2	2	1	24	0	48
chr4	713470	714006	2	2	1	9	0	46
chr4	715043	715839	2	2	1	7	0	44
chr4	715043	716322	2	2	1	5	0	48
chr4	715043	716482	2	2	0	1	0	44
chr4	715964	716613	2	2	0	1	0	38
chr4	716066	716322	2	2	1	2	0	47
chr4	716153	716613	2	2	0	1	0	47
chr4	725900	728117	1	1	1	1	0	19
chr4	728298	731542	1	1	1	2	0	7
chr4	731709	733118	1	1	1	1	0	48
chr4	733300	734483	1	1	1	1	0	33
chr4	735139	737752	1	1	1	1	0	14
chr4	737927	738279	1	1	1	1	0	27
chr4	738556	739899	1	1	1	3	0	40
chr4	745118	746294	1	1	1	2	0	42
chr4	746656	747287	1	1	1	2	0	22
chr4	747310	748086	1	1	1	2	0	22
chr4	748250	748729	1	1	1	1	0	11
chr4	748872	749298	1	1	1	3	0	26
chr4	749441	749627	1	1	1	1	0	46
chr4	749829	749899	1	1	1	3	0	42
chr4	750202	751402	1	1	1	5	0	48
chr4	751627	751688	1	1	1	3	0	33
chr4	752092	752185	1	1	1	1	0	19
chr4	752860	753364	1	1	0	1	0	28
chr4	752860	753842	1	1	1	2	0	26
chr4	753506	754545	1	1	0	2	0	28
chr4	754191	754545	1	1	1	4	0	44
chr4	754591	754904	1	1	1	3	0	27
chr4	755028	755103	1	1	1	4	0	33
chr4	755164	755339	1	1	1	2	0	49
chr4	755439	756140	1	1	1	3	0	25
chr4	756450	756530	1	1	1	2	0	43
chr4	756657	756774	1	1	1	1	0	27
chr4	756657	758361	1	1	0	2	0	41
chr4	756814	757444	1	1	1	1	0	34
chr4	758536	760574	1	1	0	2	0	27
chr4	758536	765791	1	1	0	3	0	48
chr4	763177	763413	1	1	1	1	0	42
chr4	763788	765791	1	1	1	1	0	9
chr4	765918	765997	1	1	1	2	0	33
chr4	766698	767101	1	1	1	4	0	35
chr4	767456	767932	1	1	1	9	0	45
chr4	769646	771195	1	1	1	4	0	48
chr4	769646	773963	1	1	0	3	0	48
chr4	772096	772802	1	1	1	1	0	8
chr4	773787	773963	1	1	1	1	0	34
chr4	774855	774912	1	1	1	6	0	41
chr4	777586	778146	1	1	1	3	0	17
chr4	778429	778490	1	1	1	8	0	49
chr4	778791	778845	1	1	1	9	0	48
chr4	788317	788387	1	1	1	21	0	47
chr4	789367	789429	1	1	1	15	0	48
chr4	789772	791178	1	1	1	18	0	47
chr4	792222	793028	1	1	1	18	0	50
chr4	792222	794642	1	1	0	2	0	41
chr4	793086	794642	1	1	1	12	0	49
chr4	793086	794690	1	1	0	1	0	27
chr4	793884	793943	2	2	0	1	0	36
chr4	794744	794810	1	1	1	24	0	47
chr4	794938	795002	1	1	1	22	0	47
chr4	795306	795540	1	1	1	38	0	44
chr4	802296	803799	2	2	1	15	0	46
chr4	803872	803927	2	2	1	8	0	47
chr4	804564	806817	2	2	1	5	0	39
chr4	807653	807706	2	2	1	18	0	47
chr4	807836	808077	2	2	1	12	0	45
chr4	822737	823023	2	2	1	16	0	46
chr4	823954	826445	2	2	0	1	0	32
chr4	823954	827811	2	2	1	3	0	41
chr4	823954	844126	2	2	1	4	1	47
chr4	823954	848484	2	2	0	1	0	16
chr4	844245	848484	2	2	1	3	0	35
chr4	848551	854004	2	2	1	4	0	47
chr4	876195	876311	2	2	0	1	0	37
chr4	876262	876311	2	2	1	22	0	46
chr4	876467	880932	2	2	1	17	0	48
chr4	876467	880960	2	2	0	2	0	27
chr4	880982	881065	2	2	0	1	0	21
chr4	881008	881065	2	2	1	16	0	47
chr4	881512	881569	2	2	0	1	0	42
chr4	882014	882418	2	2	1	28	0	50
chr4	885034	885973	2	2	0	1	0	36
chr4	885038	885973	2	2	1	18	0	49
chr4	886269	886327	2	2	1	9	0	45
chr4	886478	886556	2	2	1	1	0	24
chr4	886499	886556	2	2	1	12	0	49
chr4	886921	887595	2	2	1	3	0	39
chr4	886921	887601	2	2	1	2	0	22
chr4	889026	892377	1	1	0	1	0	43
chr4	892281	892345	2	2	1	30	0	50
chr4	892473	892537	2	2	1	34	0	45
chr4	892701	892752	2	2	1	21	0	50
chr4	892852	893839	2	2	1	17	0	46
chr4	892852	895828	2	2	0	1	0	44
chr4	894198	894260	2	2	1	20	0	50
chr4	894553	894619	2	2	1	19	0	44
chr4	894787	894871	2	2	1	26	0	45
chr4	895008	895828	2	2	0	1	0	23
chr4	895085	895828	2	2	0	1	0	43
chr4	895094	895828	2	2	1	14	0	48
chr4	896111	896168	2	2	1	29	0	50
chr4	896337	896739	2	2	1	22	0	48
chr4	896866	896921	2	2	1	19	0	50
chr4	897081	897142	2	2	1	7	0	50
chr4	897416	897495	2	2	1	28	0	50
chr4	897821	899476	2	2	1	23	0	49
chr4	897821	903586	2	2	0	1	0	14
chr4	899619	902468	2	2	1	6	0	37
chr4	899619	903242	2	2	1	6	0	41
chr4	900077	901235	1	1	0	1	0	32
chr4	902437	903608	1	1	0	1	0	32
chr4	902576	903586	2	2	1	5	0	45
chr4	903350	903586	2	2	1	8	0	47
chr4	903708	903768	2	2	1	15	1	43
chr4	903989	904192	2	2	1	22	1	50
chr4	904268	906079	2	2	1	1	0	8
chr4	904268	906385	2	2	1	13	0	47
chr4	906089	906385	2	2	1	2	0	9
chr4	906518	907590	2	2	1	7	0	43
chr4	906518	918608	2	2	0	1	0	50
chr4	906518	919018	2	2	1	11	0	45
chr4	913467	913519	2	2	1	3	0	20
chr4	913576	914080	2	2	0	1	0	27
chr4	913576	914130	2	2	1	1	0	24
chr4	922861	922932	2	2	0	2	0	31
chr4	923209	923451	2	2	0	3	0	26
chr4	923909	923962	2	2	1	8	1	40
chr4	924098	924986	2	2	1	4	0	50
chr4	926590	926653	2	2	0	3	0	50
chr4	927624	927699	2	2	0	2	0	46
chr4	928177	928245	2	2	1	2	0	22
chr4	928180	928245	2	2	0	1	0	43
chr4	929811	930763	2	2	0	1	0	21
chr4	929811	932156	2	2	0	1	0	39
chr4	936180	936242	2	2	1	17	0	49
chr4	936345	936462	2	2	1	45	1	48
chr4	936686	936746	2	2	1	51	0	50
chr4	936894	937492	2	2	1	46	0	49
chr4	937717	937900	2	2	1	32	0	50
chr4	938370	938949	2	2	1	54	0	49
chr4	939108	939161	2	2	1	36	1	49
chr4	939403	939528	2	2	1	39	0	49
chr4	940487	940983	2	2	0	2	0	46
chr4	941826	943018	2	2	0	1	0	20
chr4	941826	945708	2	2	1	28	0	50
chr4	941826	946200	2	2	0	1	0	24
chr4	945765	946200	2	2	1	24	1	50
chr4	946313	946393	2	2	1	27	0	47
chr4	946479	946538	2	2	0	1	0	35
chr4	946575	946636	2	4	1	28	0	50
chr4	947288	950447	2	2	1	22	1	50
chr4	948778	950447	2	2	1	4	0	42
chr4	950650	950705	2	2	1	10	0	33
chr4	950650	951137	2	2	0	1	0	45
chr4	950728	951137	2	2	0	1	0	22
chr4	950743	951137	2	2	0	1	0	20
chr4	950758	951137	2	2	1	12	0	48
chr4	950758	951273	2	2	0	1	0	26
chr4	957556	958957	1	1	1	1	0	17
chr4	959744	960799	1	1	1	1	0	32
chr4	961344	963392	1	1	1	4	0	46
chr4	963647	963728	1	1	1	3	0	47
chr4	963836	964173	1	1	1	1	0	29
chr4	964300	964359	1	1	1	2	0	35
chr4	964609	964931	1	1	0	1	0	19
chr4	964880	964931	1	1	1	1	0	18
chr4	972704	972763	2	2	1	30	0	49
chr4	973088	974138	2	2	1	31	0	50
chr4	974526	974645	2	2	1	22	0	49
chr4	974526	975114	2	2	0	1	0	39
chr4	974853	975114	2	2	1	15	0	44
chr4	975490	975546	2	2	1	16	0	48
chr4	975677	977170	2	2	1	12	0	47
chr4	977663	977720	2	2	0	1	0	21
chr4	978516	978631	2	2	1	7	0	49
chr4	980750	983029	1	1	0	1	0	32
chr4	983355	983652	2	2	0	1	0	31
chr4	983355	983859	2	2	0	1	0	47
chr4	984745	984797	2	2	1	1	0	26
chr4	1009315	1012691	1	1	0	1	0	30
chr4	1011129	1012691	1	1	1	1	0	30
chr4	1012873	1017137	1	1	1	4	0	48
chr4	1018510	1019248	1	1	1	8	0	45
chr4	1019332	1024783	1	1	1	1	0	50
chr4	1025039	1025095	1	1	1	5	0	49
chr4	1025245	1026432	1	1	1	4	0	45
chr4	1026636	1026691	1	1	1	2	0	28
chr4	1034395	1034943	2	2	1	14	0	48
chr4	1035153	1035208	2	2	1	28	0	49
chr4	1035355	1035403	2	2	1	27	0	48
chr4	1035535	1035591	2	2	1	41	0	49
chr4	1035928	1036050	2	2	0	1	0	41
chr4	1035979	1036050	2	2	1	13	0	46
chr4	1036247	1037001	2	2	1	29	0	50
chr4	1039336	1039395	2	2	1	11	0	50
chr4	1040642	1042867	2	2	1	21	0	45
chr4	1040642	1047395	2	2	0	1	0	27
chr4	1044307	1046841	2	2	0	2	0	41
chr4	1044307	1047395	2	2	0	2	0	35
chr4	1044307	1047588	2	2	1	9	0	46
chr4	1046992	1047632	2	2	0	1	0	19
chr4	1051404	1052220	2	2	1	4	0	44
chr4	1052580	1053514	1	1	0	1	0	48
chr4	1052580	1053532	1	1	1	301	0	49
chr4	1053845	1053897	1	1	1	381	0	50
chr4	1058049	1058101	2	2	1	45	0	47
chr4	1058217	1058271	2	2	1	37	0	50
chr4	1058367	1058984	2	2	1	38	0	48
chr4	1058367	1065781	2	2	0	3	0	48
chr4	1059061	1060638	2	2	1	4	0	40
chr4	1059061	1064093	2	2	0	4	0	49
chr4	1059061	1065781	2	2	0	1	0	33
chr4	1059064	1060638	2	2	1	3	0	45
chr4	1059064	1064093	2	2	1	20	0	47
chr4	1059064	1065781	2	2	1	13	0	48
chr4	1060705	1061193	2	2	0	2	0	36
chr4	1060705	1064093	2	2	1	10	0	46
chr4	1064148	1065781	2	2	0	1	0	20
chr4	1064151	1065781	2	2	1	29	0	48
chr4	1065875	1067889	2	2	1	53	0	50
chr4	1068017	1068078	2	2	1	33	0	49
chr4	1068202	1068260	2	2	1	37	0	49
chr4	1068356	1068448	2	2	1	41	0	49
chr4	1068775	1069129	2	2	1	31	0	50
chr4	1069185	1069812	2	2	1	45	0	48
chr4	1069766	1069812	2	2	0	1	0	35
chr4	1069873	1070923	2	2	1	45	0	48
chr4	1071019	1071080	2	2	1	36	0	49
chr4	1071236	1071315	2	2	0	2	0	32
chr4	1071236	1071319	2	2	1	11	0	46
chr4	1071236	1071813	2	2	0	1	0	34
chr4	1071236	1071968	2	2	1	2	0	22
chr4	1071236	1074123	2	2	1	11	0	44
chr4	1071236	1077461	2	2	0	1	0	48
chr4	1071489	1071884	2	2	0	1	0	48
chr4	1078199	1078258	2	2	1	22	0	48
chr4	1078380	1078432	2	2	1	30	0	50
chr4	1078666	1078835	2	2	0	1	0	12
chr4	1078778	1078835	2	2	0	1	0	19
chr4	1078782	1078835	2	2	1	38	0	47
chr4	1078860	1096241	1	1	0	1	0	14
chr4	1079131	1079726	2	2	1	17	0	50
chr4	1079915	1080044	2	2	1	18	0	49
chr4	1079978	1080044	2	2	1	17	0	49
chr4	1080463	1081038	2	2	1	11	0	48
chr4	1080463	1081118	2	2	0	3	0	33
chr4	1080463	1084870	2	2	0	1	0	26
chr4	1081261	1081366	2	2	1	7	0	44
chr4	1081261	1083227	2	2	0	1	0	50
chr4	1081286	1081366	2	2	1	2	0	27
chr4	1081758	1085546	1	1	0	1	0	29
chr4	1084824	1084870	2	2	0	2	0	28
chr4	1085008	1085448	2	2	0	1	0	17
chr4	1085643	1085709	1	1	0	1	0	27
chr4	1085649	1085709	1	1	1	33	0	49
chr4	1085810	1086481	1	1	1	58	0	30
chr4	1086512	1086565	1	1	1	64	0	31
chr4	1093732	1093786	1	1	1	174	0	50
chr4	1093732	1093814	1	1	0	1	0	39
chr4	1094008	1094064	1	1	1	184	0	50
chr4	1096184	1096241	1	1	1	383	0	50
chr4	1096363	1096417	1	1	1	605	3	49
chr4	1098456	1098511	2	2	1	3	0	48
chr4	1099146	1099198	2	2	1	2	0	26
chr4	1099456	1100882	2	2	1	4	0	40
chr4	1103900	1105239	2	2	1	1	0	21
chr4	1113255	1116201	1	1	1	3	0	37
chr4	1116343	1116419	1	1	1	2	0	39
chr4	1116459	1122559	1	1	1	1	0	39
chr4	1122726	1124160	1	1	1	3	0	43
chr4	1124359	1126777	1	1	1	3	0	46
chr4	1127224	1128324	1	1	1	2	0	40
chr4	1128417	1128723	1	1	1	2	0	35
chr4	1128971	1129099	1	1	1	1	0	11
chr4	1129199	1129734	1	1	1	3	0	40
chr4	1130227	1131406	1	3	1	1	0	18
chr4	1131515	1131913	1	1	1	4	0	38
chr4	1136521	1136581	2	2	1	27	0	49
chr4	1136524	1136581	2	2	0	13	1	46
chr4	1136706	1136951	2	2	1	43	0	47
chr4	1136706	1137047	2	2	0	1	0	21
chr4	1137083	1137140	2	2	1	52	0	50
chr4	1137225	1137285	2	2	1	45	1	47
chr4	1137841	1138476	2	2	1	54	0	48
chr4	1138532	1138593	2	2	1	50	0	49
chr4	1139432	1139542	2	2	0	1	0	27
chr4	1139644	1140562	2	2	1	40	0	49
chr4	1140674	1140731	2	2	1	46	0	48
chr4	1141211	1141284	2	2	0	1	0	35
chr4	1141233	1141284	2	2	1	37	0	49
chr4	1141428	1142084	2	2	1	33	0	49
chr4	1142216	1143848	2	2	0	2	0	30
chr4	1142249	1143058	2	2	0	1	0	36
chr4	1142249	1143453	2	2	1	2	0	39
chr4	1142249	1143848	2	2	1	30	0	49
chr4	1142249	1143869	2	2	0	2	0	29
chr4	1144958	1145061	1	1	1	39	1	49
chr4	1145325	1145393	1	1	1	58	0	48
chr4	1145520	1145575	1	1	1	46	0	49
chr4	1147379	1147434	1	1	1	2	0	38
chr4	1147568	1147627	1	1	1	9	0	43
chr4	1148042	1149114	1	1	1	8	0	40
chr4	1148042	1150060	1	1	0	2	0	23
chr4	1149282	1150060	1	1	1	3	0	34
chr4	1150115	1150191	1	1	1	2	0	38
chr4	1150357	1150650	1	1	1	6	0	49
chr4	1150810	1151008	1	1	1	9	0	50
chr4	1151213	1151818	1	1	1	4	0	49
chr4	1152023	1152114	1	3	1	9	0	45
chr4	1152220	1152326	1	1	1	15	0	49
chr4	1152220	1152710	1	1	0	1	0	30
chr4	1152585	1152710	1	1	1	1	0	18
chr4	1152585	1154500	1	1	1	8	0	48
chr4	1154699	1155719	1	1	1	12	0	48
chr4	1156111	1156164	1	1	1	10	0	47
chr4	1156240	1158192	2	2	0	1	0	39
chr4	1160627	1161112	2	2	1	5	0	32
chr4	1161528	1161585	2	2	1	5	0	48
chr4	1161994	1164074	2	2	1	2	0	29
chr4	1164192	1164252	2	2	1	4	0	49
chr4	1164495	1164610	2	2	1	3	0	36
chr4	1164740	1165591	2	2	1	1	0	46
chr4	1165730	1165833	2	2	0	1	0	30
chr4	1168245	1169614	1	1	1	1	0	8
chr4	1169840	1185507	1	1	1	1	0	31
chr4	1169840	1185887	1	1	0	1	0	14
chr4	1186114	1186175	1	1	1	1	0	49
chr4	1186114	1186185	1	1	0	1	0	46
chr4	1187939	1188002	2	2	0	1	0	17
chr4	1193657	1193709	2	2	1	25	0	48
chr4	1193830	1194431	2	2	1	20	0	37
chr4	1194724	1194784	2	2	1	20	0	50
chr4	1195555	1195607	2	2	1	14	0	41
chr4	1195750	1201673	2	2	1	24	0	45
chr4	1201908	1201993	2	2	1	9	0	46
chr4	1205694	1206222	1	1	0	1	0	45
chr4	1206461	1207098	1	1	0	1	0	20
chr4	1206461	1207125	1	1	1	1	0	37
chr4	1206593	1207098	1	1	1	7	0	46
chr4	1207261	1208147	1	1	1	18	0	46
chr4	1208199	1208360	1	1	1	13	0	49
chr4	1208241	1208360	1	1	1	23	0	48
chr4	1208507	1208814	1	1	1	30	0	45
chr4	1208976	1209679	1	1	1	30	0	49
chr4	1210316	1210506	1	1	1	26	0	44
chr4	1210635	1210692	1	1	1	25	0	50
chr4	1210635	1210923	1	1	0	2	0	40
chr4	1211176	1212645	1	1	1	32	0	50
chr4	1212789	1212850	1	1	1	37	0	49
chr4	1212933	1212982	1	1	1	26	0	49
chr4	1213279	1213331	2	2	1	22	0	47
chr4	1213397	1214185	2	2	1	24	0	43
chr4	1214281	1214333	2	2	1	38	0	50
chr4	1214486	1216053	2	2	1	31	0	49
chr4	1215991	1216053	2	2	0	1	0	48
chr4	1216223	1216285	2	2	1	36	0	49
chr4	1216417	1216467	2	2	1	22	0	47
chr4	1216718	1216790	2	2	1	15	0	49
chr4	1216718	1217333	2	2	0	1	0	35
chr4	1216718	1217383	2	2	0	1	0	16
chr4	1216889	1216945	2	2	1	29	0	48
chr4	1217104	1217333	2	2	1	8	0	45
chr4	1217104	1217383	2	2	1	16	0	49
chr4	1217104	1219731	2	2	0	1	0	14
chr4	1219802	1223419	1	1	1	18	0	50
chr4	1222777	1222842	1	1	0	1	0	36
chr4	1223751	1223801	1	1	1	16	0	45
chr4	1223922	1223965	1	1	0	1	0	23
chr4	1223922	1223985	1	1	1	11	0	37
chr4	1223922	1224042	1	1	0	1	0	49
chr4	1224097	1224158	1	1	0	1	0	32
chr4	1224415	1224987	1	1	1	7	0	21
chr4	1224415	1225216	1	1	0	2	0	33
chr4	1225009	1225216	1	1	1	7	0	21
chr4	1225377	1225433	1	1	1	19	0	47
chr4	1225676	1225731	1	1	1	20	0	50
chr4	1225891	1225947	1	1	1	20	1	50
chr4	1226276	1226372	1	1	0	2	0	29
chr4	1230171	1230230	2	2	1	10	0	50
chr4	1230573	1230624	2	2	1	20	0	45
chr4	1231226	1232378	2	2	1	20	0	50
chr4	1233242	1233305	2	2	1	8	0	50
chr4	1233845	1234031	2	2	1	6	0	43
chr4	1233845	1234172	2	2	1	3	0	16
chr4	1233845	1234223	2	2	0	1	0	44
chr4	1233845	1234374	2	2	1	1	0	7
chr4	1235917	1236854	1	1	1	5	0	45
chr4	1237237	1238404	1	1	1	5	0	43
chr4	1238526	1245455	1	1	1	4	0	34
chr4	1238769	1245455	1	1	0	1	0	13
chr4	1245624	1247202	1	1	1	5	0	47
chr4	1247379	1247444	1	1	1	7	0	28
chr4	1247677	1247739	1	1	1	13	0	48
chr4	1247991	1248062	1	1	1	10	0	15
chr4	1248078	1248826	1	1	1	11	0	15
chr4	1249058	1249104	1	1	1	7	0	42
chr4	1249250	1249302	1	1	1	9	0	41
chr4	1249410	1249477	1	1	1	3	0	45
chr4	1249654	1249715	1	1	1	5	0	38
chr4	1249923	1250827	1	1	1	9	0	48
chr4	1250965	1252028	1	1	1	12	0	47
chr4	1252217	1252272	1	1	1	12	0	44
chr4	1252563	1254496	1	1	1	12	0	48
chr4	1254610	1257731	1	1	1	3	0	46
chr4	1254610	1259567	1	1	1	7	0	45
chr4	1257939	1259567	1	3	1	5	0	48
chr4	1259725	1265677	1	1	1	2	0	48
chr4	1265820	1268381	1	1	0	5	0	37
chr4	1266306	1268381	1	1	1	1	0	35
chr4	1268692	1268754	1	1	1	15	0	50
chr4	1269136	1274457	1	1	1	10	0	43
chr4	1274595	1274650	1	1	1	14	0	46
chr4	1280907	1286589	1	1	0	0	1	33
chr4	1281083	1286825	1	1	0	0	1	35
chr4	1282521	1286384	1	1	0	0	1	42
chr4	1284151	1284219	1	1	0	3	0	49
chr4	1284397	1284486	1	1	0	3	0	32
chr4	1284583	1284641	1	1	0	3	0	44
chr4	1285302	1318167	1	1	0	0	1	17
chr4	1285342	1285385	1	1	0	0	1	43
chr4	1285342	1305739	1	1	0	0	1	43
chr4	1285595	1318656	1	1	0	0	1	49
chr4	1286766	1286825	1	1	0	0	1	35
chr4	1288366	1288427	1	1	0	2	0	21
chr4	1288502	1288590	1	1	0	1	0	47
chr4	1293063	1301055	1	1	0	0	1	16
chr4	1294415	1294475	1	1	0	2	0	26
chr4	1294659	1294785	1	1	0	1	3	36
chr4	1294825	1294902	1	1	0	1	2	43
chr4	1294835	1294902	1	1	0	0	2	43
chr4	1300967	1301055	1	1	0	0	1	16
chr4	1301115	1301311	1	1	0	1	0	12
chr4	1301115	1301316	1	1	0	0	1	31
chr4	1301599	1306511	1	1	0	0	1	21
chr4	1301599	1319014	1	1	0	0	1	21
chr4	1302901	1302961	1	1	0	1	0	39
chr4	1304119	1315293	2	2	0	1	0	42
chr4	1305656	1318167	1	1	0	0	1	17
chr4	1305696	1305739	1	1	0	0	1	43
chr4	1305949	1318656	1	1	0	0	2	49
chr4	1306447	1306602	1	1	0	1	0	15
chr4	1307243	1307305	1	1	0	0	1	38
chr4	1307243	1319821	1	1	0	0	1	38
chr4	1308624	1315075	1	1	0	0	1	26
chr4	1309017	1315468	2	2	0	0	1	13
chr4	1313670	1313730	1	1	0	1	0	38
chr4	1313914	1314040	1	1	0	0	3	36
chr4	1314080	1314157	1	1	0	0	2	43
chr4	1314090	1314157	1	1	0	1	2	43
chr4	1318208	1318251	1	1	0	0	1	43
chr4	1318461	1318656	1	1	0	0	2	49
chr4	1318871	1318922	1	1	0	1	0	27
chr4	1318950	1319014	1	1	0	1	0	27
chr4	1320157	1320219	1	1	0	2	0	43
chr4	1324876	1336086	1	1	0	0	12	30
chr4	1325486	1325551	1	1	0	0	28	46
chr4	1325486	1338533	1	1	0	0	28	46
chr4	1325490	1325551	1	1	0	0	12	48
chr4	1325490	1338533	1	1	0	0	12	48
chr4	1325962	1326020	1	1	0	0	40	48
chr4	1325962	1339002	1	1	0	0	40	48
chr4	1326561	1326614	1	1	0	0	51	49
chr4	1326561	1326623	1	1	0	0	1	24
chr4	1326561	1339596	1	1	0	0	51	49
chr4	1326561	1339605	1	1	0	0	1	24
chr4	1327080	1327140	1	1	0	0	1	35
chr4	1327080	1327157	1	1	0	0	1	29
chr4	1327080	1327183	1	1	0	0	47	49
chr4	1327080	1340122	1	1	0	0	1	35
chr4	1327080	1340139	1	1	0	0	1	29
chr4	1327080	1340165	1	1	0	0	47	49
chr4	1327325	1327860	1	1	0	0	1	50
chr4	1327325	1340842	1	1	0	0	1	50
chr4	1327372	1327860	1	1	0	0	34	50
chr4	1327372	1328200	1	1	0	0	10	47
chr4	1327372	1340842	1	1	0	0	34	50
chr4	1327372	1341182	1	1	0	0	6	46
chr4	1328086	1328200	1	1	0	1	1	41
chr4	1328086	1340842	1	1	0	0	1	41
chr4	1328086	1341182	1	1	0	0	1	41
chr4	1328144	1328200	1	1	0	0	5	50
chr4	1328144	1340842	1	1	0	0	3	33
chr4	1328144	1341182	1	1	0	0	5	50
chr4	1328863	1328954	1	1	0	0	25	48
chr4	1328863	1341936	1	1	0	0	25	48
chr4	1329091	1335342	1	1	0	0	1	38
chr4	1329091	1335897	1	1	0	0	1	35
chr4	1329091	1337732	1	1	0	0	1	35
chr4	1329091	1348324	1	1	0	0	1	38
chr4	1329091	1348879	1	1	0	0	1	35
chr4	1329091	1350554	1	1	0	0	1	35
chr4	1329120	1335897	1	1	0	0	4	42
chr4	1329120	1337732	1	1	0	0	4	42
chr4	1329120	1348879	1	1	0	0	4	42
chr4	1329120	1350554	1	1	0	0	4	42
chr4	1329303	1342285	2	2	0	0	2	21
chr4	1336023	1336086	1	1	0	0	12	30
chr4	1336023	1349068	1	1	0	0	7	30
chr4	1336023	1350743	1	1	0	0	12	30
chr4	1337858	1349068	1	1	0	0	7	30
chr4	1337858	1350743	1	1	0	0	12	30
chr4	1338468	1338533	1	1	0	0	28	46
chr4	1338468	1351355	1	1	0	0	28	46
chr4	1338472	1338533	1	1	0	0	12	48
chr4	1338472	1351355	1	1	0	0	12	48
chr4	1338944	1339002	1	1	0	0	40	48
chr4	1338944	1351824	1	1	0	0	3	24
chr4	1339543	1339596	1	1	0	1	51	49
chr4	1339543	1339605	1	1	0	0	1	24
chr4	1340062	1340122	1	1	0	0	1	35
chr4	1340062	1340139	1	1	0	0	1	29
chr4	1340062	1340165	1	1	0	0	47	49
chr4	1340307	1340842	1	1	0	0	1	50
chr4	1340354	1340842	1	1	0	0	34	50
chr4	1340354	1341182	1	1	0	0	6	46
chr4	1341068	1341182	1	1	0	1	1	42
chr4	1341126	1341182	1	1	0	0	5	50
chr4	1341845	1341936	1	1	0	0	25	48
chr4	1342073	1348324	1	1	0	0	1	38
chr4	1342073	1348879	1	1	0	0	1	35
chr4	1342073	1350554	1	1	0	0	1	35
chr4	1342102	1348879	1	1	0	0	4	42
chr4	1342102	1350554	1	1	0	0	4	42
chr4	1349005	1349068	1	1	0	0	7	30
chr4	1349005	1350743	1	1	0	0	12	30
chr4	1350680	1350743	1	1	0	0	12	30
chr4	1351290	1351355	1	1	0	0	28	46
chr4	1351294	1351355	1	1	0	0	12	48
chr4	1351766	1351824	1	1	0	0	3	24
