Sample	0	1	2	3	4	5	6	7	8	9	10	11	12	13	14	15	16
g1_01_R1_paired	(25.0, 3.0)	(26.0, 6.0)	(27.0, 31.0)	(28.0, 109.0)	(29.0, 265.0)	(30.0, 486.0)	(31.0, 990.0)	(32.0, 1638.0)	(33.0, 2347.0)	(34.0, 3258.0)	(35.0, 4615.0)	(36.0, 7703.0)	(37.0, 13414.0)	(38.0, 9943.0)	(39.0, 1056.0)	(40.0, 2.0)	
g1_01_R1_unpaired	(24.0, 2.0)	(25.0, 2.0)	(26.0, 19.0)	(27.0, 45.0)	(28.0, 80.0)	(29.0, 152.0)	(30.0, 288.0)	(31.0, 279.0)	(32.0, 246.0)	(33.0, 184.0)	(34.0, 76.0)	(35.0, 41.0)	(36.0, 18.0)	(37.0, 34.0)	(38.0, 33.0)	(39.0, 7.0)	
g1_01_R2_paired	(24.0, 1.0)	(25.0, 3.0)	(26.0, 14.0)	(27.0, 46.0)	(28.0, 126.0)	(29.0, 305.0)	(30.0, 585.0)	(31.0, 1102.0)	(32.0, 1837.0)	(33.0, 2457.0)	(34.0, 3457.0)	(35.0, 4913.0)	(36.0, 7812.0)	(37.0, 12819.0)	(38.0, 9374.0)	(39.0, 1015.0)	
g1_01_R2_unpaired	(24.0, 1.0)	(25.0, 1.0)	(26.0, 13.0)	(27.0, 20.0)	(28.0, 82.0)	(29.0, 148.0)	(30.0, 186.0)	(31.0, 189.0)	(32.0, 153.0)	(33.0, 107.0)	(34.0, 62.0)	(35.0, 15.0)	(36.0, 17.0)	(37.0, 16.0)	(38.0, 6.0)	(39.0, 1.0)	
g1_02_R1_paired	(25.0, 2.0)	(26.0, 7.0)	(27.0, 40.0)	(28.0, 104.0)	(29.0, 244.0)	(30.0, 528.0)	(31.0, 968.0)	(32.0, 1481.0)	(33.0, 2147.0)	(34.0, 3022.0)	(35.0, 4588.0)	(36.0, 7752.0)	(37.0, 13808.0)	(38.0, 10532.0)	(39.0, 1217.0)		
g1_02_R1_unpaired	(25.0, 5.0)	(26.0, 22.0)	(27.0, 50.0)	(28.0, 79.0)	(29.0, 146.0)	(30.0, 222.0)	(31.0, 247.0)	(32.0, 211.0)	(33.0, 145.0)	(34.0, 94.0)	(35.0, 38.0)	(36.0, 31.0)	(37.0, 31.0)	(38.0, 36.0)	(39.0, 1.0)		
g1_02_R2_paired	(24.0, 1.0)	(25.0, 1.0)	(26.0, 14.0)	(27.0, 53.0)	(28.0, 115.0)	(29.0, 256.0)	(30.0, 565.0)	(31.0, 1035.0)	(32.0, 1684.0)	(33.0, 2392.0)	(34.0, 3345.0)	(35.0, 4875.0)	(36.0, 7970.0)	(37.0, 13476.0)	(38.0, 9602.0)	(39.0, 1055.0)	(40.0, 1.0)
g1_02_R2_unpaired	(24.0, 1.0)	(25.0, 3.0)	(26.0, 13.0)	(27.0, 28.0)	(28.0, 72.0)	(29.0, 116.0)	(30.0, 170.0)	(31.0, 158.0)	(32.0, 119.0)	(33.0, 84.0)	(34.0, 52.0)	(35.0, 19.0)	(36.0, 14.0)	(37.0, 12.0)	(38.0, 13.0)	(39.0, 1.0)	
g1_03_R1_paired	(26.0, 14.0)	(27.0, 36.0)	(28.0, 102.0)	(29.0, 245.0)	(30.0, 511.0)	(31.0, 964.0)	(32.0, 1500.0)	(33.0, 2223.0)	(34.0, 3062.0)	(35.0, 4462.0)	(36.0, 7446.0)	(37.0, 13678.0)	(38.0, 10745.0)	(39.0, 1214.0)			
g1_03_R1_unpaired	(25.0, 2.0)	(26.0, 18.0)	(27.0, 46.0)	(28.0, 102.0)	(29.0, 149.0)	(30.0, 240.0)	(31.0, 271.0)	(32.0, 216.0)	(33.0, 145.0)	(34.0, 76.0)	(35.0, 41.0)	(36.0, 41.0)	(37.0, 32.0)	(38.0, 25.0)	(39.0, 5.0)		
g1_03_R2_paired	(25.0, 4.0)	(26.0, 16.0)	(27.0, 46.0)	(28.0, 125.0)	(29.0, 268.0)	(30.0, 575.0)	(31.0, 1072.0)	(32.0, 1659.0)	(33.0, 2485.0)	(34.0, 3389.0)	(35.0, 4717.0)	(36.0, 7888.0)	(37.0, 12975.0)	(38.0, 9936.0)	(39.0, 1046.0)	(40.0, 1.0)	
g1_03_R2_unpaired	(25.0, 3.0)	(26.0, 9.0)	(27.0, 30.0)	(28.0, 60.0)	(29.0, 121.0)	(30.0, 162.0)	(31.0, 148.0)	(32.0, 130.0)	(33.0, 94.0)	(34.0, 54.0)	(35.0, 24.0)	(36.0, 12.0)	(37.0, 9.0)	(38.0, 7.0)	(39.0, 1.0)		
g3_01_R1_paired	(25.0, 1.0)	(26.0, 12.0)	(27.0, 27.0)	(28.0, 82.0)	(29.0, 211.0)	(30.0, 505.0)	(31.0, 894.0)	(32.0, 1528.0)	(33.0, 2194.0)	(34.0, 3002.0)	(35.0, 4465.0)	(36.0, 7532.0)	(37.0, 13642.0)	(38.0, 10920.0)	(39.0, 1203.0)	(40.0, 1.0)	
g3_01_R1_unpaired	(24.0, 2.0)	(25.0, 3.0)	(26.0, 20.0)	(27.0, 40.0)	(28.0, 91.0)	(29.0, 177.0)	(30.0, 236.0)	(31.0, 255.0)	(32.0, 211.0)	(33.0, 164.0)	(34.0, 91.0)	(35.0, 49.0)	(36.0, 28.0)	(37.0, 30.0)	(38.0, 15.0)	(39.0, 8.0)	(40.0, 1.0)
g3_01_R2_paired	(25.0, 2.0)	(26.0, 12.0)	(27.0, 39.0)	(28.0, 111.0)	(29.0, 289.0)	(30.0, 557.0)	(31.0, 1013.0)	(32.0, 1683.0)	(33.0, 2416.0)	(34.0, 3312.0)	(35.0, 4746.0)	(36.0, 7867.0)	(37.0, 13222.0)	(38.0, 9926.0)	(39.0, 1023.0)	(40.0, 1.0)	
g3_01_R2_unpaired	(26.0, 11.0)	(27.0, 28.0)	(28.0, 58.0)	(29.0, 97.0)	(30.0, 145.0)	(31.0, 207.0)	(32.0, 142.0)	(33.0, 99.0)	(34.0, 45.0)	(35.0, 15.0)	(36.0, 20.0)	(37.0, 14.0)	(38.0, 8.0)				
g3_02_R1_paired	(25.0, 4.0)	(26.0, 9.0)	(27.0, 38.0)	(28.0, 82.0)	(29.0, 244.0)	(30.0, 442.0)	(31.0, 882.0)	(32.0, 1431.0)	(33.0, 2124.0)	(34.0, 3022.0)	(35.0, 4345.0)	(36.0, 7449.0)	(37.0, 13679.0)	(38.0, 11232.0)	(39.0, 1193.0)		
g3_02_R1_unpaired	(25.0, 2.0)	(26.0, 16.0)	(27.0, 47.0)	(28.0, 76.0)	(29.0, 146.0)	(30.0, 237.0)	(31.0, 261.0)	(32.0, 195.0)	(33.0, 155.0)	(34.0, 96.0)	(35.0, 44.0)	(36.0, 35.0)	(37.0, 17.0)	(38.0, 21.0)	(39.0, 3.0)		
g3_02_R2_paired	(25.0, 5.0)	(26.0, 14.0)	(27.0, 33.0)	(28.0, 103.0)	(29.0, 247.0)	(30.0, 567.0)	(31.0, 1060.0)	(32.0, 1630.0)	(33.0, 2305.0)	(34.0, 3246.0)	(35.0, 4609.0)	(36.0, 7682.0)	(37.0, 13371.0)	(38.0, 10202.0)	(39.0, 1102.0)		
g3_02_R2_unpaired	(25.0, 1.0)	(26.0, 13.0)	(27.0, 40.0)	(28.0, 64.0)	(29.0, 137.0)	(30.0, 189.0)	(31.0, 191.0)	(32.0, 162.0)	(33.0, 73.0)	(34.0, 44.0)	(35.0, 19.0)	(36.0, 9.0)	(37.0, 14.0)	(38.0, 8.0)	(39.0, 1.0)		
g3_03_R1_paired	(25.0, 2.0)	(26.0, 15.0)	(27.0, 39.0)	(28.0, 100.0)	(29.0, 234.0)	(30.0, 507.0)	(31.0, 945.0)	(32.0, 1571.0)	(33.0, 2162.0)	(34.0, 3010.0)	(35.0, 4349.0)	(36.0, 7525.0)	(37.0, 13563.0)	(38.0, 10883.0)	(39.0, 1237.0)	(40.0, 2.0)	
g3_03_R1_unpaired	(24.0, 1.0)	(25.0, 3.0)	(26.0, 17.0)	(27.0, 47.0)	(28.0, 67.0)	(29.0, 167.0)	(30.0, 268.0)	(31.0, 287.0)	(32.0, 243.0)	(33.0, 152.0)	(34.0, 84.0)	(35.0, 45.0)	(36.0, 24.0)	(37.0, 35.0)	(38.0, 25.0)	(39.0, 6.0)	
g3_03_R2_paired	(24.0, 1.0)	(25.0, 4.0)	(26.0, 22.0)	(27.0, 53.0)	(28.0, 130.0)	(29.0, 267.0)	(30.0, 583.0)	(31.0, 1116.0)	(32.0, 1722.0)	(33.0, 2462.0)	(34.0, 3350.0)	(35.0, 4668.0)	(36.0, 7641.0)	(37.0, 13114.0)	(38.0, 9951.0)	(39.0, 1060.0)	
g3_03_R2_unpaired	(24.0, 1.0)	(25.0, 0.0)	(26.0, 12.0)	(27.0, 35.0)	(28.0, 67.0)	(29.0, 122.0)	(30.0, 152.0)	(31.0, 163.0)	(32.0, 140.0)	(33.0, 79.0)	(34.0, 54.0)	(35.0, 22.0)	(36.0, 16.0)	(37.0, 6.0)	(38.0, 4.0)	(39.0, 1.0)	
