2367
24052	24476	1	0	0
24978	25152	1	0	0
25217	25449	1	0	0
25500	25620	1	0	0
26993	27100	2	1	1
27166	27348	2	1	1
28370	28608	2	1	1
28965	29300	2	1	1
29355	30390	2	1	1
30550	31624	2	1	1
31702	32390	2	1	1
33775	33882	2	2	2
33948	34130	2	2	2
41595	42178	2	2	2
42237	42572	2	2	2
42627	44896	2	2	2
44974	45679	2	2	2
46784	46838	2	2	2
48155	48262	2	3	3
48328	48510	2	3	3
49532	50115	2	3	3
50174	50509	2	3	3
50564	51938	2	3	3
53433	53750	2	4	4
53816	53998	2	4	4
56499	57082	2	4	4
57141	61910	2	4	4
63539	64402	2	4	4
68333	71087	2	5	5
71141	71305	2	5	5
71370	71882	2	5	5
71939	72579	2	5	5
72642	73009	2	5	5
76456	77666	2	5	5
86744	87363	2	6	6
86744	87363	2	6	7
86744	87363	2	6	8
87465	87616	2	6	7
87465	87646	2	6	6
87465	87862	2	6	8
87673	87862	2	6	7
87717	87862	2	6	6
89955	90019	1	7	9
89955	90019	1	7	10
89955	90019	1	7	11
90007	90385	1	7	12
90007	90385	1	7	13
90007	90385	1	7	14
90010	90606	1	7	15
90099	90224	1	7	9
90099	90224	1	7	11
90353	90474	1	7	16
91031	91192	1	7	17
92946	92960	1	7	11
92946	92960	1	7	12
92946	92960	1	7	13
92946	92960	1	7	14
92946	93219	1	7	9
92946	93219	1	7	10
92946	93219	1	7	15
92946	93219	1	7	16
92946	93219	1	7	17
93029	93219	1	7	11
93029	93219	1	7	12
93029	93219	1	7	13
93029	93219	1	7	14
93442	93487	1	7	9
93442	93487	1	7	10
93442	93487	1	7	11
93442	93487	1	7	12
93442	93487	1	7	13
93442	93487	1	7	14
93442	93487	1	7	15
93442	93487	1	7	16
93442	93487	1	7	17
95693	95790	1	7	9
95693	95790	1	7	10
95693	95790	1	7	11
95693	95790	1	7	12
95693	95790	1	7	13
95693	95790	1	7	14
95693	95790	1	7	15
95693	95790	1	7	16
95693	95790	1	7	17
103263	103371	1	7	9
103263	103371	1	7	10
103263	103371	1	7	11
103263	103371	1	7	12
103263	103371	1	7	13
103263	103371	1	7	14
103263	103371	1	7	15
103263	103371	1	7	16
103263	103371	1	7	17
106337	106424	1	7	9
106337	106424	1	7	10
106337	106424	1	7	11
106337	106424	1	7	12
106337	106424	1	7	13
106337	106424	1	7	14
106337	106424	1	7	15
106337	106424	1	7	16
106337	106424	1	7	17
106478	106558	1	7	9
106478	106558	1	7	10
106478	106558	1	7	11
106478	106558	1	7	12
106478	106558	1	7	13
106478	106558	1	7	14
106478	106558	1	7	15
106478	106558	1	7	16
106478	106558	1	7	17
107642	107791	1	7	9
107642	107791	1	7	10
107642	107791	1	7	11
107642	107791	1	7	12
107642	107791	1	7	13
107642	107791	1	7	14
107642	107791	1	7	15
107642	107791	1	7	16
107642	107791	1	7	17
111839	113898	1	7	18
115048	115240	1	7	9
115048	115240	1	7	10
115048	115240	1	7	11
115048	115240	1	7	12
115048	115240	1	7	13
115048	115240	1	7	14
115048	115240	1	7	15
115048	115240	1	7	16
115048	115240	1	7	17
115048	115240	1	7	18
115462	115627	1	7	9
115462	115627	1	7	10
115462	115627	1	7	11
115462	115627	1	7	12
115462	115627	1	7	15
115462	115627	1	7	16
115462	115627	1	7	17
115462	115627	1	7	18
118447	118600	1	7	13
118447	118600	1	7	14
120031	120100	1	7	9
120031	120100	1	7	10
120031	120100	1	7	11
120031	120100	1	7	12
120031	120100	1	7	14
120031	120100	1	7	15
120031	120100	1	7	16
120031	120100	1	7	17
120031	120100	1	7	18
120031	122045	1	7	13
128028	129429	1	7	9
128028	129429	1	7	10
128028	129429	1	7	11
128028	129429	1	7	12
128028	129429	1	7	14
128028	129429	1	7	15
128028	129429	1	7	16
128028	129429	1	7	17
128028	129429	1	7	18
137014	137253	2	8	19
137014	137255	2	8	20
137014	137255	2	8	21
137014	137255	2	8	22
137014	137255	2	8	23
137014	137255	2	8	24
137311	139126	2	8	19
137311	139126	2	8	20
137311	139126	2	8	21
137311	139126	2	8	22
137311	139126	2	8	23
137311	139126	2	8	24
139180	139404	2	8	19
139180	139404	2	8	20
139180	139404	2	8	21
139180	139404	2	8	22
139180	139404	2	8	23
139180	139404	2	8	24
139463	139556	2	8	19
139463	139556	2	8	20
139463	139556	2	8	21
139463	139556	2	8	22
139463	139556	2	8	23
139463	139556	2	8	24
140513	140837	2	8	19
140513	140837	2	8	20
140513	140837	2	8	21
140513	140837	2	8	22
140513	140837	2	8	23
140513	140837	2	8	24
141483	142424	2	8	19
141483	142424	2	8	20
141483	142424	2	8	21
141483	142424	2	8	22
141483	142424	2	8	23
141483	142424	2	8	24
142478	142581	2	8	19
142478	142581	2	8	20
142478	142581	2	8	21
142478	142581	2	8	22
142478	142581	2	8	23
142478	142581	2	8	24
142934	144047	2	8	19
142934	144047	2	8	20
142934	144047	2	8	21
142934	144047	2	8	22
142934	144047	2	8	23
142934	144047	2	8	24
144410	144517	2	8	19
144410	144517	2	8	20
144410	144517	2	8	21
144410	144517	2	8	22
144410	144517	2	8	23
144410	144517	2	8	24
149947	150067	2	8	19
149947	150067	2	8	20
149947	150067	2	8	22
149947	150067	2	8	23
149947	150067	2	8	24
149947	150337	2	8	21
150180	150344	2	8	20
150205	150316	2	8	24
150295	150367	2	8	22
150307	150322	2	8	19
150353	150377	2	8	23
152849	152912	1	9	25
152849	152912	1	9	26
152849	152912	1	9	27
152849	152912	1	9	28
152849	152912	1	9	29
153811	153856	1	9	25
153811	153856	1	9	26
153811	153856	1	9	27
153811	153856	1	9	29
153811	153860	1	9	28
154213	154338	1	9	25
154213	154338	1	9	26
154213	154338	1	9	29
154213	155589	1	9	27
154213	155589	1	9	28
154420	154549	1	9	25
155296	155589	1	9	26
155296	155589	1	9	29
155450	155589	1	9	25
156897	156996	1	9	30
156908	157402	1	9	31
156908	157402	1	9	32
157316	157402	1	9	30
157504	157792	1	9	25
157504	157792	1	9	26
157504	157792	1	9	27
157504	157792	1	9	28
157504	157792	1	9	29
157504	157792	1	9	30
157504	157792	1	9	31
157504	157792	1	9	32
157848	157957	1	9	25
157848	157957	1	9	26
157848	157957	1	9	27
157848	157957	1	9	28
157848	157957	1	9	29
157848	157957	1	9	30
157848	157957	1	9	31
157848	157957	1	9	32
158016	158377	1	9	25
158016	158377	1	9	26
158016	158377	1	9	27
158016	158377	1	9	28
158016	158377	1	9	29
158016	158377	1	9	30
158016	158377	1	9	31
158016	158377	1	9	32
158432	158935	1	9	25
158432	158935	1	9	26
158432	158935	1	9	27
158432	158935	1	9	28
158432	158935	1	9	29
158432	158935	1	9	30
158432	158935	1	9	31
158432	158935	1	9	32
158999	159199	1	9	25
158999	159199	1	9	26
158999	159199	1	9	27
158999	159199	1	9	28
158999	159199	1	9	29
158999	159199	1	9	30
158999	159199	1	9	31
158999	159199	1	9	32
160447	160708	1	9	25
160447	160708	1	9	29
160447	160708	1	9	32
160447	160715	1	9	27
160895	162752	1	9	26
160895	162752	1	9	28
160895	162752	1	9	30
160895	162752	1	9	31
162825	163753	1	9	26
162825	163753	1	9	28
162825	163753	1	9	30
162825	163753	1	9	31
171392	171461	1	10	33
172367	172755	1	10	33
172820	173003	1	10	33
173064	173546	1	10	33
173609	174174	1	10	33
175334	175590	2	11	34
175652	175772	2	11	34
176390	176677	2	11	34
179843	180337	2	12	35
180392	180900	2	12	35
181474	185020	2	12	35
185087	185281	2	12	35
185340	185744	2	12	35
186558	186675	2	12	35
187785	194361	2	12	35
194736	194789	2	12	35
195410	195593	2	12	35
196518	196604	2	12	35
198057	198617	2	13	36
199403	199505	2	13	36
199562	199659	2	13	36
199717	199836	2	13	36
199889	199979	2	13	36
204841	205239	2	14	37
204841	205239	2	14	38
204841	205239	2	14	39
204841	205239	2	14	40
204841	205239	2	14	41
204841	205239	2	14	42
204841	205239	2	14	43
205295	205420	2	14	37
205295	205420	2	14	38
205295	205420	2	14	39
205295	205420	2	14	40
205295	205420	2	14	41
205295	205420	2	14	42
205295	205420	2	14	43
206452	206541	2	14	37
206452	206541	2	14	38
206452	206541	2	14	39
206452	206541	2	14	40
206452	206541	2	14	41
206452	206541	2	14	42
206452	206541	2	14	43
206603	207465	2	14	37
206603	207465	2	14	38
206603	207465	2	14	39
206603	207465	2	14	40
206603	207465	2	14	41
206603	207465	2	14	42
206603	207465	2	14	43
208622	208794	2	14	37
208622	208794	2	14	38
208622	208794	2	14	39
208622	208794	2	14	40
208622	208794	2	14	41
208622	208794	2	14	42
208622	208794	2	14	43
208855	208994	2	14	37
208855	208994	2	14	38
208855	208994	2	14	39
208855	208994	2	14	40
208855	208994	2	14	41
208855	208994	2	14	42
208855	208994	2	14	43
209050	209148	2	14	37
209050	209148	2	14	38
209050	209148	2	14	39
209050	209148	2	14	40
209050	209148	2	14	41
209050	209148	2	14	42
209050	209148	2	14	43
209203	209367	2	14	37
209203	209873	2	14	38
209203	209873	2	14	39
209203	209873	2	14	40
209203	209873	2	14	41
209203	209873	2	14	42
209203	209873	2	14	43
210623	210686	2	14	39
210623	210686	2	14	40
210623	210686	2	14	41
211934	212011	2	14	40
213966	214114	2	14	38
213969	214078	2	14	37
213969	214090	2	14	39
213991	214094	2	14	42
214170	214414	2	14	41
214298	214429	2	14	40
214298	214447	2	14	43
218503	222008	2	15	44
222066	222283	2	15	44
224605	225199	2	15	44
225265	225417	2	15	44
226366	226551	2	15	44
230881	230987	1	16	45
230920	231111	1	16	46
230967	231111	1	16	47
231063	231111	1	16	45
231183	231300	1	16	47
231183	231305	1	16	45
231183	231305	1	16	46
232215	232419	1	16	45
232215	232419	1	16	46
232264	232419	1	16	47
232479	232607	1	16	45
232479	232607	1	16	46
232479	232607	1	16	47
233253	233354	1	16	45
233253	233354	1	16	46
233253	233354	1	16	47
233416	233793	1	16	45
233416	233793	1	16	46
233416	233793	1	16	47
235634	235892	2	17	48
235955	236185	2	17	48
238031	238119	2	17	48
238873	239005	2	17	48
239071	239515	2	17	48
240516	240653	2	17	48
240769	241062	2	17	48
243166	243223	2	17	48
243279	243361	2	17	48
243416	243637	2	17	48
244182	244511	2	17	48
244570	245064	2	17	48
246387	246579	2	17	48
248549	248865	1	18	49
249530	250196	1	18	49
250536	251053	1	18	49
251355	251520	1	19	50
252053	252225	1	19	51
252053	252225	1	19	52
252055	252252	1	19	53
252055	252252	1	19	54
252055	252252	1	19	55
252541	252602	1	19	56
252560	252602	1	19	50
252560	252602	1	19	51
252560	252602	1	19	52
252560	252602	1	19	53
252560	252602	1	19	54
252560	252602	1	19	55
252904	253473	1	19	50
252904	253473	1	19	52
252904	253473	1	19	54
252904	253473	1	19	56
254890	254970	1	19	50
254890	254970	1	19	51
254890	254970	1	19	52
254890	254970	1	19	53
254890	254970	1	19	54
254890	254970	1	19	55
254890	254970	1	19	56
255489	255569	1	19	50
257020	257100	1	19	50
257020	257100	1	19	51
257020	257100	1	19	52
257020	257100	1	19	53
257020	257100	1	19	54
257020	257100	1	19	55
257020	257100	1	19	56
257894	258184	1	19	50
257894	258184	1	19	51
257894	258184	1	19	52
257894	258184	1	19	53
257894	258184	1	19	54
257894	258184	1	19	55
257894	258184	1	19	56
260939	261023	1	19	50
260939	261023	1	19	51
260939	261023	1	19	52
260939	261023	1	19	53
260939	261023	1	19	54
260939	261023	1	19	55
260939	261023	1	19	56
261270	261458	1	19	51
261270	261458	1	19	52
261270	261458	1	19	54
261270	261458	1	19	55
261270	261458	1	19	56
261270	261943	1	19	53
263086	263304	1	19	51
263086	263304	1	19	52
263086	263304	1	19	54
263086	263304	1	19	56
263795	264210	1	19	51
263795	264210	1	19	52
263795	264210	1	19	54
263795	264210	1	19	56
263891	264210	1	19	50
263891	264210	1	19	55
264259	264373	1	19	50
264259	264373	1	19	51
264259	264373	1	19	52
264259	264373	1	19	54
264259	264373	1	19	55
264259	264373	1	19	56
265805	266499	1	19	50
265805	266528	1	19	51
265805	266528	1	19	52
265805	266528	1	19	54
265805	266528	1	19	55
265805	266528	1	19	56
270224	270360	2	20	57
270224	270360	2	20	58
270415	270602	2	20	57
270415	270602	2	20	58
270655	270761	2	20	59
270659	270761	2	20	57
270659	270761	2	20	58
270815	270868	2	20	59
271940	272150	2	20	57
271940	272150	2	20	58
271940	272150	2	20	59
272680	272795	2	20	57
272680	272795	2	20	58
272680	272795	2	20	59
273288	273336	2	20	58
273449	273753	2	20	57
273449	273753	2	20	58
276142	278029	1	21	60
276142	278029	1	21	61
278937	279091	1	21	60
278937	279091	1	21	61
279153	279297	1	21	60
279153	279297	1	21	61
279903	279995	1	21	60
279903	279995	1	21	61
280064	280204	2	20	59
280072	280229	1	21	60
280072	280229	1	21	61
281855	282136	1	21	60
281855	282136	1	21	61
282199	282349	1	21	60
282199	282349	1	21	61
282402	282687	1	21	61
282402	283144	1	21	60
283008	283292	1	21	61
288939	291124	2	22	62
291185	291380	2	22	62
291694	292472	2	22	62
292540	292797	2	22	62
292851	293033	2	22	62
293740	294337	2	22	62
294386	294541	2	22	62
296205	296344	2	22	62
296916	296992	2	22	62
299302	300864	2	23	63
299302	300864	2	23	64
299302	300864	2	23	65
299302	300864	2	23	66
299302	300864	2	23	67
299302	300864	2	23	68
300950	301056	2	23	63
300950	301056	2	23	64
300950	301162	2	23	65
300950	301162	2	23	66
300950	301162	2	23	67
300950	301162	2	23	68
301122	301162	2	23	63
301122	301162	2	23	64
302349	302517	2	23	63
302349	302517	2	23	64
302349	302517	2	23	65
302349	302517	2	23	66
302349	302517	2	23	67
302349	302517	2	23	68
302573	302653	2	23	63
302573	302653	2	23	64
302573	302653	2	23	65
302573	302653	2	23	66
302573	302653	2	23	67
302573	302653	2	23	68
303061	303363	2	23	63
303061	303363	2	23	64
303061	303363	2	23	65
303061	303363	2	23	66
303061	303363	2	23	67
303061	303363	2	23	68
322867	322948	2	23	63
322867	322948	2	23	64
322867	322948	2	23	65
322867	322948	2	23	66
322867	322948	2	23	67
322867	322948	2	23	68
323011	323151	2	23	63
323011	323151	2	23	64
323011	323151	2	23	65
323011	323151	2	23	66
323011	323151	2	23	67
323011	323151	2	23	68
325641	325803	2	23	63
325641	325803	2	23	64
325641	325803	2	23	65
325641	325803	2	23	66
325641	325803	2	23	67
325986	326421	2	23	68
326306	326439	2	23	65
326321	326439	2	23	66
326685	326786	2	23	64
327065	327106	2	23	63
327065	327106	2	23	67
328722	328914	1	24	69
328732	328914	1	24	70
329038	329704	1	24	69
329056	329704	1	24	70
330164	330258	1	24	69
330164	330258	1	24	70
330319	330642	1	24	69
330319	330642	1	24	70
330704	330929	1	24	70
330704	330933	1	24	69
331557	333923	2	25	71
331557	333923	2	25	72
331557	333923	2	25	73
333982	334267	2	25	71
333982	334267	2	25	72
333982	334267	2	25	73
334324	334527	2	25	72
334373	334500	2	25	73
334373	334533	2	25	71
335571	335804	1	26	74
337018	337134	1	26	74
340074	342012	1	26	74
349441	350053	2	27	75
349441	350053	2	27	76
349441	350053	2	27	77
349441	350053	2	27	78
350896	350964	2	27	75
350896	350964	2	27	77
350896	350964	2	27	78
351446	352627	2	27	79
352023	352627	2	27	75
355295	355698	2	27	80
363547	363685	2	27	75
363547	363685	2	27	76
363547	363685	2	27	77
363547	363685	2	27	78
363547	363685	2	27	79
363547	363685	2	27	80
369620	369771	2	27	75
369620	369771	2	27	76
369620	369771	2	27	77
369620	369771	2	27	78
369620	369771	2	27	79
369620	369771	2	27	80
369838	370049	2	27	75
369838	370049	2	27	76
369838	370049	2	27	77
369838	370049	2	27	78
369838	370049	2	27	79
369838	370049	2	27	80
370106	370304	2	27	75
370106	370304	2	27	76
370106	370304	2	27	77
370106	370304	2	27	78
370106	370304	2	27	79
370106	370304	2	27	80
370355	370668	2	27	75
370355	370668	2	27	76
370355	370668	2	27	77
370355	370668	2	27	78
370355	370668	2	27	79
370355	370668	2	27	80
371228	371315	2	27	75
371228	371315	2	27	76
371228	371315	2	27	77
371228	371315	2	27	78
371228	371315	2	27	79
371228	371315	2	27	80
371390	371834	2	27	75
371390	371834	2	27	76
371390	371834	2	27	77
371390	371834	2	27	78
371390	371834	2	27	79
371390	371834	2	27	80
372211	372452	2	27	75
372211	372452	2	27	76
372211	372452	2	27	77
372211	372452	2	27	78
372211	372452	2	27	79
372211	372452	2	27	80
372509	372751	2	27	75
372509	372751	2	27	76
372509	372751	2	27	77
372509	372751	2	27	78
372509	372751	2	27	79
372509	372751	2	27	80
372806	373215	2	27	75
372806	373215	2	27	76
372806	373215	2	27	77
372806	373215	2	27	78
372806	373215	2	27	79
372806	373215	2	27	80
374568	374603	2	27	75
374568	374603	2	27	76
374568	374603	2	27	77
374568	374603	2	27	78
374568	374603	2	27	79
374568	374603	2	27	80
374976	375186	2	27	75
374976	375186	2	27	76
374976	375186	2	27	77
374976	375186	2	27	78
374976	375186	2	27	79
374976	375186	2	27	80
375305	375591	2	27	75
375305	375591	2	27	76
375305	375591	2	27	77
375305	375591	2	27	78
375305	375591	2	27	79
375305	375591	2	27	80
375656	375850	2	27	75
375656	375850	2	27	76
375656	375850	2	27	77
375656	375850	2	27	78
375656	375850	2	27	79
375656	375850	2	27	80
375935	376106	2	27	75
375935	376106	2	27	76
375935	376106	2	27	77
375935	376106	2	27	78
375935	376106	2	27	79
375935	376106	2	27	80
379175	379281	2	27	75
379175	379281	2	27	76
379175	379281	2	27	77
379175	379281	2	27	79
379175	379281	2	27	80
379257	379297	2	27	78
380577	380600	1	28	81
380587	380605	1	28	82
380602	380644	1	28	83
380602	380909	1	28	84
381212	381631	1	28	81
381212	381631	1	28	82
381212	381631	1	28	83
381212	381631	1	28	84
382929	383238	1	28	81
382929	383238	1	28	82
382929	383238	1	28	83
382929	383238	1	28	84
383296	383507	1	28	81
383296	383507	1	28	82
383296	383507	1	28	83
383296	383507	1	28	84
383571	383759	1	28	81
383571	383759	1	28	82
383571	383759	1	28	83
383571	383759	1	28	84
384119	384264	1	28	81
384119	384264	1	28	82
384119	384264	1	28	83
384119	384264	1	28	84
384493	385566	1	28	81
384493	385566	1	28	82
384493	385566	1	28	83
384493	385566	1	28	84
386299	387387	1	28	81
386299	387387	1	28	82
386299	387387	1	28	83
386299	387387	1	28	84
390132	390369	1	28	81
390132	390369	1	28	82
390132	390369	1	28	83
390132	390369	1	28	84
390435	390589	1	28	81
390435	390589	1	28	82
390435	390589	1	28	83
390435	390589	1	28	84
391716	391982	1	28	81
391716	391982	1	28	82
391716	391982	1	28	83
391716	391982	1	28	84
392438	392801	1	28	81
392438	392801	1	28	82
392438	392801	1	28	83
392438	392801	1	28	84
392875	395609	1	28	81
392875	395609	1	28	82
392875	395609	1	28	83
392875	395609	1	28	84
396259	397256	2	29	85
396259	397256	2	29	86
397719	398294	2	29	85
397719	398294	2	29	86
398383	398450	2	29	85
398383	398450	2	29	86
398510	398827	2	29	85
398510	398827	2	29	86
399021	399156	2	29	86
399021	399186	2	29	85
399341	399525	2	29	85
399341	399525	2	29	86
402748	403033	2	29	85
402748	403033	2	29	86
407532	407609	2	29	85
407532	407609	2	29	86
411050	412169	2	29	85
411050	412169	2	29	86
413888	414015	2	29	85
413888	414015	2	29	86
457576	459543	2	30	87
459600	459790	2	30	87
460073	462076	2	30	87
462805	463014	2	30	87
463489	463779	2	30	87
463838	464532	2	30	87
466119	466273	1	31	88
466145	466590	1	31	89
466206	467660	1	31	90
466748	466796	1	31	91
466793	466856	1	31	92
466793	467271	1	31	93
466951	467111	1	31	94
467256	467376	1	31	92
467256	467376	1	31	94
467301	467376	1	31	91
467446	467660	1	31	91
467446	467660	1	31	92
467446	467660	1	31	93
467446	467660	1	31	94
467726	467860	1	31	88
467726	467860	1	31	89
467726	467860	1	31	90
467726	467860	1	31	91
467726	467860	1	31	92
467726	467860	1	31	93
467726	467860	1	31	94
470549	470593	1	31	89
470549	470593	1	31	90
470549	470593	1	31	91
470549	470593	1	31	92
470549	470593	1	31	93
470549	470593	1	31	94
470867	470941	1	31	88
470867	470941	1	31	89
470867	470941	1	31	90
470867	470941	1	31	91
470867	470941	1	31	92
470867	470941	1	31	93
470867	470941	1	31	94
470996	471134	1	31	88
470996	471134	1	31	89
470996	471134	1	31	90
470996	471134	1	31	91
470996	471134	1	31	92
470996	471134	1	31	93
470996	471134	1	31	94
471815	472079	1	31	88
471815	472079	1	31	89
471815	472079	1	31	90
471815	472079	1	31	91
471815	472079	1	31	92
471815	472079	1	31	93
471815	472079	1	31	94
473243	473369	1	31	88
473243	473369	1	31	89
473243	473369	1	31	90
473243	473369	1	31	91
473243	473369	1	31	92
473243	473369	1	31	93
473243	473369	1	31	94
473428	473515	1	31	88
473428	473515	1	31	89
473428	473515	1	31	90
473428	473515	1	31	91
473428	473515	1	31	92
473428	473515	1	31	93
473428	473515	1	31	94
473597	474565	1	31	88
473597	474565	1	31	89
473597	474565	1	31	90
473597	474565	1	31	91
473597	474565	1	31	92
473597	474565	1	31	93
473597	474565	1	31	94
480507	480766	2	32	95
480828	481281	2	32	95
481339	481672	2	32	95
482130	482953	2	32	95
483013	483126	2	32	95
483680	485365	2	32	95
485422	485940	2	32	95
487126	487449	2	32	95
488141	488318	1	33	96
488376	489323	1	33	96
491911	493145	2	34	97
491911	493145	2	34	98
493203	493302	2	34	97
493203	493302	2	34	98
493520	494344	2	34	99
493772	494344	2	34	97
493772	494344	2	34	98
495078	495393	2	34	98
495078	495393	2	34	99
495078	495729	2	34	97
495585	495729	2	34	98
495585	495729	2	34	99
497588	497727	2	34	97
497588	497727	2	34	98
497588	497727	2	34	99
497917	498708	2	34	97
497917	498708	2	34	98
497917	498708	2	34	99
499163	499363	2	34	97
499163	499363	2	34	98
499163	499363	2	34	99
499425	499493	2	34	97
499425	499493	2	34	98
499425	499493	2	34	99
500660	500863	2	34	97
500660	500863	2	34	98
500660	500863	2	34	99
500927	501316	2	34	97
500927	501316	2	34	98
500927	501316	2	34	99
501401	501766	2	34	97
501401	501766	2	34	98
501401	501766	2	34	99
501834	502329	2	34	97
501834	502329	2	34	98
501834	502329	2	34	99
502436	502561	2	34	98
502436	502561	2	34	99
504126	504405	2	34	97
524476	524763	1	35	100
536207	536256	1	35	100
542098	543729	1	35	100
544956	545137	1	35	100
545529	547145	1	35	100
550318	551718	1	35	100
551781	552004	1	35	100
552061	552408	1	35	100
553408	553551	1	35	100
553608	556505	1	35	100
557800	558385	1	35	100
559163	559229	1	35	100
559284	560417	1	35	100
565888	568768	2	36	101
569884	570246	2	36	101
570339	570498	2	36	101
571379	572005	2	36	101
572616	574366	2	36	101
578068	578439	2	36	101
578607	578793	1	37	102
578607	578793	1	37	103
578782	578925	1	37	104
578848	578925	1	37	105
580720	580925	1	37	103
580720	580925	1	37	105
580723	580925	1	37	102
580723	580925	1	37	104
580974	581036	1	37	102
580974	581036	1	37	103
580974	581036	1	37	104
580997	581036	1	37	105
581096	581208	1	37	102
581096	581208	1	37	103
581096	581208	1	37	104
581096	581208	1	37	105
581343	581445	1	37	102
581343	581445	1	37	103
581343	581445	1	37	104
581343	581445	1	37	105
584986	585104	1	37	102
584986	585104	1	37	103
584986	585104	1	37	104
584986	585104	1	37	105
585166	585287	1	37	102
585166	585287	1	37	103
585166	585287	1	37	104
585166	585287	1	37	105
586032	586140	1	37	103
586032	586140	1	37	105
586035	586140	1	37	102
586035	586140	1	37	104
586226	586561	1	37	102
586226	586561	1	37	103
586226	586561	1	37	104
586226	586561	1	37	105
588913	589681	2	38	106
589739	589926	2	38	106
590600	590801	2	38	106
590859	590968	2	38	106
591034	591158	2	38	106
591229	591419	2	38	106
592382	592408	1	39	107
592382	592467	1	39	108
592382	592488	1	39	109
592382	592591	1	39	110
594238	595053	1	39	107
594238	595053	1	39	108
594238	595053	1	39	109
594238	595053	1	39	110
595960	596270	1	39	107
595960	596270	1	39	108
595960	596270	1	39	109
595960	596270	1	39	110
596327	596950	1	39	107
596327	596950	1	39	108
596327	596950	1	39	109
596327	596950	1	39	110
597604	598158	1	39	107
597604	598158	1	39	108
597604	598158	1	39	109
597604	598158	1	39	110
603736	603877	1	40	111
603770	603850	1	40	112
604414	604488	1	40	111
604414	604488	1	40	112
604561	604643	1	40	111
604561	604643	1	40	112
605387	605556	1	40	111
605387	605556	1	40	112
605615	605799	1	40	111
605615	605799	1	40	112
605923	606397	1	40	111
605923	606397	1	40	112
606465	606563	1	40	111
606465	606563	1	40	112
607527	607718	1	40	111
607527	607718	1	40	112
608468	608667	1	40	111
608468	608667	1	40	112
609197	609975	1	40	111
609197	609975	1	40	112
619179	622154	2	41	113
622382	622560	2	41	113
623937	624877	2	41	113
625628	628118	2	41	113
631311	631521	1	42	114
631311	631521	1	42	115
631311	631521	1	42	116
631311	631521	1	42	117
631311	631521	1	42	118
631311	631521	1	42	119
631910	632063	1	42	115
631910	632063	1	42	119
631910	632280	1	42	114
631910	632280	1	42	116
631910	632280	1	42	117
631910	632280	1	42	118
632138	632280	1	42	115
632138	632280	1	42	119
632352	632431	1	42	114
632352	632431	1	42	115
632352	632431	1	42	116
632352	632431	1	42	117
632352	632431	1	42	118
632352	632431	1	42	119
634240	634420	1	42	114
634240	634420	1	42	115
634240	634420	1	42	116
634240	634420	1	42	117
634240	634420	1	42	118
634240	634420	1	42	119
634562	635047	1	42	114
634562	635047	1	42	115
634562	635047	1	42	116
634562	635047	1	42	117
634562	635047	1	42	118
634562	635047	1	42	119
635661	636548	1	42	114
635661	636548	1	42	115
635661	636548	1	42	116
635661	636548	1	42	117
635661	636548	1	42	118
635661	636548	1	42	119
636630	636806	1	42	114
636630	636806	1	42	115
636630	636806	1	42	116
636630	636806	1	42	117
636630	636806	1	42	118
636630	636806	1	42	119
637929	637976	1	42	114
637929	637976	1	42	115
637929	637976	1	42	118
638973	639101	1	42	114
638973	639101	1	42	115
638973	639101	1	42	116
638973	639101	1	42	117
638973	639101	1	42	118
638973	639101	1	42	119
639161	639256	1	42	114
639161	639256	1	42	115
639161	639256	1	42	116
639161	639256	1	42	117
639161	639256	1	42	118
639161	639256	1	42	119
639318	639688	1	42	114
639318	639688	1	42	115
639318	639688	1	42	116
639318	639688	1	42	117
639318	639688	1	42	118
639318	639688	1	42	119
640262	640408	1	42	114
640262	640408	1	42	115
640262	640408	1	42	116
640262	640408	1	42	117
640262	640408	1	42	118
640262	640408	1	42	119
640473	640732	1	42	115
640473	640802	1	42	116
640473	640802	1	42	117
640473	640802	1	42	118
640473	640802	1	42	119
640473	640976	1	42	114
640879	641325	1	42	115
640879	641359	1	42	116
640879	641551	1	42	117
640879	641551	1	42	118
640879	641551	1	42	119
643841	645288	2	43	120
643841	645288	2	43	121
643841	645288	2	43	122
645397	645561	2	43	120
645397	645566	2	43	121
645397	646655	2	43	122
645616	646655	2	43	121
646134	646474	2	43	120
650318	650604	1	44	123
650318	650604	1	44	124
652252	652519	1	44	123
652252	652519	1	44	124
652653	652754	1	44	123
652653	652754	1	44	124
652833	653013	1	44	123
652833	653013	1	44	124
653073	653340	1	44	123
653073	653340	1	44	124
653954	654057	1	44	123
653954	654057	1	44	124
654116	654485	1	44	123
654116	654485	1	44	124
654546	654749	1	44	124
654586	654749	1	44	123
654802	654969	1	44	123
654802	654969	1	44	124
655035	655977	1	44	123
655035	655977	1	44	124
656750	657092	2	45	125
656750	657243	2	45	126
656750	657243	2	45	127
657177	657243	2	45	125
659640	659828	2	45	125
659640	659828	2	45	126
659640	659828	2	45	127
659958	660159	2	45	125
659958	660159	2	45	126
659958	660673	2	45	127
660218	660673	2	45	125
660218	660673	2	45	126
660732	660836	2	45	125
660732	660836	2	45	126
660732	660836	2	45	127
660898	661101	2	45	125
660898	661101	2	45	126
660898	661101	2	45	127
661158	661361	2	45	125
661158	661361	2	45	126
661158	661361	2	45	127
662901	663053	2	45	125
662901	663053	2	45	126
662901	663053	2	45	127
663117	663353	2	45	125
663117	663353	2	45	126
663117	663353	2	45	127
664614	664780	2	45	125
664614	664780	2	45	126
664614	664780	2	45	127
666574	666807	2	45	125
666574	666807	2	45	126
666574	666807	2	45	127
666858	667019	2	45	125
666858	667019	2	45	126
666858	667019	2	45	127
667070	667181	2	45	125
667070	667181	2	45	126
667070	667181	2	45	127
670574	671655	2	46	128
670574	671655	2	46	129
670574	671655	2	46	130
670574	671655	2	46	131
670574	671655	2	46	132
670574	671655	2	46	133
670574	671655	2	46	134
670574	671655	2	46	135
672930	673209	2	46	128
672930	673209	2	46	129
672930	673209	2	46	130
672930	673209	2	46	131
672930	673209	2	46	132
672930	673209	2	46	133
672930	673209	2	46	134
672930	673209	2	46	135
673271	673467	2	46	128
673271	673467	2	46	129
673271	673467	2	46	130
673271	673467	2	46	131
673271	673467	2	46	132
673271	673467	2	46	133
673271	673467	2	46	134
673271	673467	2	46	135
673526	673676	2	46	128
673526	673676	2	46	129
673526	673676	2	46	130
673526	673676	2	46	131
673526	673676	2	46	132
673526	673676	2	46	133
673526	673676	2	46	134
673526	673676	2	46	135
674495	674673	2	46	128
674495	674673	2	46	129
674495	674673	2	46	130
674495	674673	2	46	131
674495	674673	2	46	132
674495	674673	2	46	133
674495	674673	2	46	134
674495	674673	2	46	135
675130	675423	2	46	128
675130	675423	2	46	129
675130	675423	2	46	130
675130	675423	2	46	131
675130	675423	2	46	132
675130	675423	2	46	133
675130	675423	2	46	134
675130	675423	2	46	135
675686	676060	2	46	128
675686	676060	2	46	129
675686	676060	2	46	130
675686	676060	2	46	131
675686	676060	2	46	132
675686	676060	2	46	133
675686	676060	2	46	134
675686	676060	2	46	135
676841	678309	2	46	128
676841	678309	2	46	129
676841	678309	2	46	130
676841	678309	2	46	131
676841	678309	2	46	132
676841	678309	2	46	133
676841	678309	2	46	134
676841	678309	2	46	135
678527	679133	2	46	128
678527	679133	2	46	129
678527	679133	2	46	130
678527	679133	2	46	131
678527	679133	2	46	132
678527	679133	2	46	133
678527	679133	2	46	134
678527	679133	2	46	135
679976	680180	2	46	135
680185	680562	2	46	130
680270	680571	2	46	135
680270	680574	2	46	128
680503	680556	2	46	132
680546	680589	2	46	129
681054	681221	2	46	133
681206	681221	2	46	131
682359	682390	2	46	134
684213	684367	1	47	136
684480	684965	1	47	136
685613	685930	1	47	136
686576	687557	1	47	136
689045	689199	1	47	136
689755	690509	1	47	136
701244	701760	1	48	137
705206	706795	1	48	137
711889	712984	2	49	138
711889	712984	2	49	139
711889	712984	2	49	140
711892	712984	2	49	141
713050	713468	2	49	138
713050	713468	2	49	139
713050	713468	2	49	140
713050	713468	2	49	141
714006	715041	2	49	138
714006	715041	2	49	139
714006	715041	2	49	140
714006	715041	2	49	141
715839	715962	2	49	138
715839	716064	2	49	141
715839	716674	2	49	139
716322	716674	2	49	140
716322	716674	2	49	141
716581	716674	2	49	138
718314	718508	1	50	142
725702	725898	1	50	143
725702	725898	1	50	144
728054	728296	1	50	145
728117	728296	1	50	144
731542	731707	1	50	142
731542	731707	1	50	143
731542	731707	1	50	144
731542	731707	1	50	145
733118	733298	1	50	142
733118	733298	1	50	143
733118	733298	1	50	144
733118	733298	1	50	145
734483	735137	1	50	142
734483	735137	1	50	143
734483	735137	1	50	144
734483	735137	1	50	145
737752	737925	1	50	142
737752	737925	1	50	143
737752	737925	1	50	144
737752	737925	1	50	145
738279	738554	1	50	142
738279	738554	1	50	143
738279	738554	1	50	144
738279	738554	1	50	145
739899	740253	1	50	142
739899	740253	1	50	143
739899	740253	1	50	144
739899	740253	1	50	145
740947	741786	1	50	142
740947	741786	1	50	143
740947	741786	1	50	144
740947	741786	1	50	145
745029	745116	1	51	146
745029	745116	1	51	147
745029	745116	1	51	148
746294	746654	1	51	146
746294	746654	1	51	147
746294	746654	1	51	148
747287	747308	1	51	146
747287	747308	1	51	147
747287	747308	1	51	148
747557	747587	1	51	148
748086	748248	1	51	146
748086	748248	1	51	147
748086	748248	1	51	148
748729	748870	1	51	146
748729	748870	1	51	147
748729	748870	1	51	148
749298	749439	1	51	146
749298	749439	1	51	148
749627	749827	1	51	146
749627	749827	1	51	148
749899	750200	1	51	146
749899	750200	1	51	148
751402	751625	1	51	146
751402	751625	1	51	147
751402	751625	1	51	148
751688	752090	1	51	146
751688	752090	1	51	147
751688	752090	1	51	148
752185	752858	1	51	146
752185	752858	1	51	147
752185	752858	1	51	148
753842	754189	1	51	146
753842	754189	1	51	147
753842	754189	1	51	148
754545	754589	1	51	146
754545	754589	1	51	147
754545	754589	1	51	148
754904	755026	1	51	146
754904	755026	1	51	147
754904	755026	1	51	148
755103	755162	1	51	146
755103	755162	1	51	147
755103	755162	1	51	148
755339	755437	1	51	146
755339	755437	1	51	147
755339	755437	1	51	148
756140	756448	1	51	146
756140	756448	1	51	147
756140	756448	1	51	148
756530	756655	1	51	146
756530	756655	1	51	147
756530	756655	1	51	148
756774	756812	1	51	146
756774	756812	1	51	147
756774	756812	1	51	148
756964	757140	1	51	146
757444	757671	1	51	146
757444	757671	1	51	147
757444	757671	1	51	148
758361	758534	1	51	146
758361	758534	1	51	147
758361	758534	1	51	148
759578	759613	1	51	146
759578	759613	1	51	147
759578	759613	1	51	148
760574	760606	1	51	146
763028	763175	1	51	146
763028	763175	1	51	147
763028	763175	1	51	148
763413	763786	1	51	146
763413	763786	1	51	147
763413	763786	1	51	148
765791	765916	1	51	146
765791	765916	1	51	147
765791	765916	1	51	148
765997	766696	1	51	146
765997	766696	1	51	147
765997	766696	1	51	148
767101	767454	1	51	146
767101	767454	1	51	147
767101	767454	1	51	148
767932	769644	1	51	146
767932	769644	1	51	147
767932	769644	1	51	148
771195	772094	1	51	146
771195	772094	1	51	147
771195	772094	1	51	148
772802	773565	1	51	146
772802	773565	1	51	147
772802	773565	1	51	148
773650	773785	1	51	146
773650	773785	1	51	147
773650	773785	1	51	148
773963	774853	1	51	146
773963	774853	1	51	147
773963	774853	1	51	148
774912	777584	1	51	146
774912	777584	1	51	147
774912	777584	1	51	148
778146	778427	1	51	146
778146	778427	1	51	147
778146	778427	1	51	148
778490	778789	1	51	146
778490	778789	1	51	147
778490	778789	1	51	148
778845	788315	1	51	146
778845	788315	1	51	147
778845	788315	1	51	148
788387	789365	1	51	146
788387	789365	1	51	147
788387	789365	1	51	148
789429	789770	1	51	146
789429	789770	1	51	147
789429	789770	1	51	148
791178	792220	1	51	146
791178	792220	1	51	147
791178	792220	1	51	148
793028	793084	1	51	146
793028	793084	1	51	147
793028	793084	1	51	148
794642	794742	1	51	146
794642	794742	1	51	147
794642	794742	1	51	148
794810	794936	1	51	146
794810	794936	1	51	147
794810	794936	1	51	148
795002	795304	1	51	146
795002	795304	1	51	147
795002	795304	1	51	148
795540	796706	1	51	146
795540	796706	1	51	147
795540	796706	1	51	148
799079	802294	2	52	149
799079	802294	2	52	150
803799	803870	2	52	149
803799	803870	2	52	150
803927	804562	2	52	149
803927	804562	2	52	150
806817	807651	2	52	149
806817	807651	2	52	150
807706	807834	2	52	149
807706	807834	2	52	150
808077	808261	2	52	150
809520	809603	2	52	149
820058	820552	1	53	151
821055	822735	2	54	152
821908	822735	2	54	153
823023	823952	2	54	152
823023	823952	2	54	153
827811	827970	2	54	153
844126	844243	2	54	152
848484	848549	2	54	152
854004	854638	2	54	152
857609	859696	2	55	154
864172	864429	1	56	155
864917	865131	2	55	154
876025	876260	2	57	156
876025	876260	2	57	157
876025	876260	2	57	158
876025	876260	2	57	159
876025	876260	2	57	160
876311	876465	2	57	156
876311	876465	2	57	157
876311	876465	2	57	158
876311	876465	2	57	159
876311	876465	2	57	160
880932	881006	2	57	156
880932	881006	2	57	157
880932	881006	2	57	158
880932	881006	2	57	159
880932	881006	2	57	160
881065	882012	2	57	156
881065	882012	2	57	157
881065	882012	2	57	158
881065	882012	2	57	159
881065	882012	2	57	160
882418	885036	2	57	156
882418	885036	2	57	157
882418	885036	2	57	158
882418	885036	2	57	159
882418	885036	2	57	160
885973	886267	2	57	156
885973	886267	2	57	157
885973	886267	2	57	158
885973	886267	2	57	159
885973	886267	2	57	160
886327	886476	2	57	156
886327	886476	2	57	157
886327	886476	2	57	158
886327	886497	2	57	159
886327	886497	2	57	160
886556	886919	2	57	156
886556	886919	2	57	157
886556	886919	2	57	158
886556	886919	2	57	159
886556	886919	2	57	160
887591	887651	2	57	158
887595	887651	2	57	157
887595	887651	2	57	160
887601	887651	2	57	156
887601	887651	2	57	159
891550	892279	2	58	161
891552	892279	2	58	162
891552	892279	2	58	163
892345	892471	2	58	161
892345	892471	2	58	162
892345	892471	2	58	163
892537	892699	2	58	161
892537	892699	2	58	162
892537	892699	2	58	163
892752	892850	2	58	161
892752	892850	2	58	162
892752	892850	2	58	163
893839	894196	2	58	161
893839	894196	2	58	162
893839	894196	2	58	163
894260	894551	2	58	161
894260	894551	2	58	162
894260	894551	2	58	163
894619	894785	2	58	161
894619	894785	2	58	162
894619	894785	2	58	163
894871	895092	2	58	161
894871	895092	2	58	162
894871	895092	2	58	163
895828	896109	2	58	161
895828	896109	2	58	162
895828	896109	2	58	163
896168	896335	2	58	161
896168	896335	2	58	162
896168	896335	2	58	163
896739	896864	2	58	161
896739	896864	2	58	162
896739	896864	2	58	163
896921	897079	2	58	161
896921	897079	2	58	162
896921	897079	2	58	163
897142	897414	2	58	161
897142	897414	2	58	162
897142	897414	2	58	163
897495	897819	2	58	161
897495	897819	2	58	162
897495	897819	2	58	163
899476	899617	2	58	161
899476	899617	2	58	162
899476	899617	2	58	163
902468	902574	2	58	161
903242	903348	2	58	162
903242	903348	2	58	163
903586	903706	2	58	161
903586	903706	2	58	162
903586	903706	2	58	163
903768	903987	2	58	161
903768	903987	2	58	162
903768	903987	2	58	163
904192	904266	2	58	161
904192	904266	2	58	162
904192	904266	2	58	163
906079	906087	2	58	163
906385	906516	2	58	161
906385	906516	2	58	162
906385	906516	2	58	163
907590	913465	2	58	162
913519	913574	2	58	162
914130	914178	2	58	162
919018	923907	2	58	161
919018	923907	2	58	163
923962	924096	2	58	161
923962	924096	2	58	163
924986	925418	2	58	161
924986	925418	2	58	163
927897	928175	2	59	164
928245	928549	2	59	164
929704	929809	2	59	164
935910	936178	2	60	165
935910	936178	2	60	166
935910	936178	2	60	167
936242	936343	2	60	165
936242	936343	2	60	166
936242	936343	2	60	167
936462	936684	2	60	165
936462	936684	2	60	166
936462	936684	2	60	167
936746	936892	2	60	165
936746	936892	2	60	166
936746	936892	2	60	167
937492	937715	2	60	165
937492	937715	2	60	166
937492	937715	2	60	167
937900	938368	2	60	165
937900	938368	2	60	166
937900	938368	2	60	167
938949	939106	2	60	165
938949	939106	2	60	166
938949	939106	2	60	167
939161	939401	2	60	165
939161	939401	2	60	166
939161	939401	2	60	167
939528	941824	2	60	165
939528	941824	2	60	166
939528	941824	2	60	167
945708	945763	2	60	165
945708	945763	2	60	166
945708	945763	2	60	167
946200	946311	2	60	165
946200	946311	2	60	166
946200	946311	2	60	167
946393	946573	2	60	165
946393	946573	2	60	166
946393	946573	2	60	167
946636	947286	2	60	165
946636	947286	2	60	166
946636	947286	2	60	167
948018	948776	2	60	165
950447	950648	2	60	165
950447	950648	2	60	166
950447	950648	2	60	167
950705	950756	2	60	165
950705	950756	2	60	166
950705	950756	2	60	167
950907	951346	2	60	167
951137	951346	2	60	165
951137	951346	2	60	166
957467	957554	1	61	168
958957	959742	1	61	168
960799	961342	1	61	168
963392	963645	1	61	168
963728	963834	1	61	168
964173	964298	1	61	168
964359	964878	1	61	168
964931	965226	1	61	168
966850	967450	1	61	168
972186	972702	2	62	169
972186	972702	2	62	170
972186	972702	2	62	171
972186	972702	2	62	172
972186	972702	2	62	173
972186	972702	2	62	174
972763	973086	2	62	169
972763	973086	2	62	170
972763	973086	2	62	171
972763	973086	2	62	172
972763	973086	2	62	173
972763	973086	2	62	174
974138	974524	2	62	169
974138	974524	2	62	170
974138	974524	2	62	171
974138	974524	2	62	172
974138	974524	2	62	173
974138	974524	2	62	174
974645	974851	2	62	169
974645	974851	2	62	170
974645	974851	2	62	171
974645	974851	2	62	172
974645	974851	2	62	173
974645	974851	2	62	174
975114	975488	2	62	169
975114	975488	2	62	170
975114	975488	2	62	171
975114	975488	2	62	172
975114	975488	2	62	173
975114	975488	2	62	174
975546	975675	2	62	169
975546	975675	2	62	170
975546	975675	2	62	171
975546	975675	2	62	172
975546	975675	2	62	173
975546	975675	2	62	174
977170	978514	2	62	169
977170	978514	2	62	170
977170	978514	2	62	171
978631	978684	2	62	172
978631	978748	2	62	169
978631	978982	2	62	170
978797	978957	2	62	173
978797	978991	2	62	172
978914	979017	2	62	171
978914	979017	2	62	174
978939	979093	2	62	169
982966	983353	2	63	175
982966	983353	2	63	176
984346	984743	2	63	175
984346	984743	2	63	176
984797	986264	2	63	175
984797	986264	2	63	176
989552	989775	2	63	175
989881	989999	2	63	175
992663	992763	2	63	176
995793	996187	1	64	177
995793	996435	1	64	178
995793	996531	1	64	179
997391	997931	1	64	177
997391	997931	1	64	179
998832	999047	2	63	176
1010353	1011127	1	65	180
1012691	1012871	1	65	180
1017137	1017374	1	65	180
1018332	1018508	1	65	180
1019248	1019330	1	65	180
1024783	1025037	1	65	180
1025095	1025243	1	65	180
1026432	1026634	1	65	180
1026691	1026928	1	65	180
1034029	1034393	2	66	181
1034029	1034393	2	66	182
1034029	1034393	2	66	183
1034258	1034393	2	66	184
1034258	1034393	2	66	185
1034943	1035151	2	66	181
1034943	1035151	2	66	182
1034943	1035151	2	66	183
1034943	1035151	2	66	184
1034943	1035151	2	66	185
1035208	1035353	2	66	181
1035208	1035353	2	66	182
1035208	1035353	2	66	183
1035208	1035353	2	66	184
1035208	1035353	2	66	185
1035403	1035533	2	66	181
1035403	1035533	2	66	182
1035403	1035533	2	66	183
1035403	1035533	2	66	184
1035403	1035533	2	66	185
1035591	1035977	2	66	181
1035591	1035977	2	66	182
1035591	1035977	2	66	183
1035591	1035977	2	66	184
1035591	1035977	2	66	185
1036050	1036245	2	66	181
1036050	1036245	2	66	182
1036050	1036245	2	66	183
1036050	1036245	2	66	184
1036050	1036245	2	66	185
1037001	1039334	2	66	181
1037001	1039334	2	66	182
1037001	1039334	2	66	183
1037001	1039334	2	66	184
1039395	1040640	2	66	181
1039395	1040640	2	66	182
1039395	1040640	2	66	183
1039395	1040640	2	66	184
1042867	1044305	2	66	182
1042867	1044305	2	66	183
1042867	1044305	2	66	185
1046841	1047160	2	66	184
1047399	1047653	2	66	181
1047399	1047653	2	66	183
1047588	1047668	2	66	185
1047588	1047719	2	66	182
1047632	1047678	2	66	184
1049300	1049984	2	67	186
1050336	1051402	2	68	187
1050336	1051596	2	68	188
1052220	1052285	2	68	187
1052439	1052578	1	69	189
1052439	1052578	1	69	190
1053532	1053843	1	69	190
1053532	1054160	1	69	189
1053897	1055174	1	69	190
1056642	1058047	2	70	191
1056642	1058047	2	70	192
1056642	1058047	2	70	193
1056642	1058047	2	70	194
1056648	1058047	2	70	195
1056648	1058047	2	70	196
1056648	1058047	2	70	197
1057780	1058047	2	70	198
1057780	1058047	2	70	199
1058101	1058215	2	70	191
1058101	1058215	2	70	192
1058101	1058215	2	70	193
1058101	1058215	2	70	194
1058101	1058215	2	70	195
1058101	1058215	2	70	196
1058101	1058215	2	70	197
1058101	1058215	2	70	198
1058101	1058215	2	70	199
1058271	1058365	2	70	191
1058271	1058365	2	70	192
1058271	1058365	2	70	193
1058271	1058365	2	70	194
1058271	1058365	2	70	195
1058271	1058365	2	70	196
1058271	1058365	2	70	197
1058271	1058365	2	70	198
1058271	1058365	2	70	199
1058984	1059059	2	70	193
1058984	1059059	2	70	194
1058984	1059062	2	70	191
1058984	1059062	2	70	195
1058984	1059062	2	70	196
1058984	1059062	2	70	197
1058984	1059062	2	70	198
1058984	1059062	2	70	199
1058984	1059083	2	70	192
1060638	1060703	2	70	193
1060638	1060703	2	70	194
1060638	1060703	2	70	198
1064093	1064149	2	70	191
1064093	1064149	2	70	192
1064093	1064149	2	70	193
1064093	1064149	2	70	194
1064093	1064149	2	70	195
1064093	1064149	2	70	198
1065781	1065873	2	70	191
1065781	1065873	2	70	192
1065781	1065873	2	70	193
1065781	1065873	2	70	194
1065781	1065873	2	70	195
1065781	1065873	2	70	196
1065781	1065873	2	70	197
1065781	1065873	2	70	198
1065781	1065873	2	70	199
1067889	1068015	2	70	191
1067889	1068015	2	70	192
1067889	1068015	2	70	193
1067889	1068015	2	70	194
1067889	1068015	2	70	195
1067889	1068015	2	70	196
1067889	1068015	2	70	197
1067889	1068015	2	70	198
1067889	1068015	2	70	199
1068078	1068200	2	70	191
1068078	1068200	2	70	192
1068078	1068200	2	70	193
1068078	1068200	2	70	194
1068078	1068200	2	70	195
1068078	1068200	2	70	196
1068078	1068200	2	70	197
1068078	1068200	2	70	198
1068078	1068200	2	70	199
1068260	1068354	2	70	191
1068260	1068354	2	70	192
1068260	1068354	2	70	193
1068260	1068354	2	70	194
1068260	1068354	2	70	195
1068260	1068354	2	70	196
1068260	1068354	2	70	197
1068260	1068354	2	70	198
1068260	1068354	2	70	199
1068448	1068773	2	70	191
1068448	1068773	2	70	192
1068448	1068773	2	70	193
1068448	1068773	2	70	194
1068448	1068773	2	70	195
1068448	1068773	2	70	196
1068448	1068773	2	70	197
1068448	1068773	2	70	198
1068448	1068773	2	70	199
1069129	1069183	2	70	191
1069129	1069183	2	70	192
1069129	1069183	2	70	193
1069129	1069183	2	70	194
1069129	1069183	2	70	195
1069129	1069183	2	70	196
1069129	1069183	2	70	197
1069129	1069183	2	70	198
1069129	1069183	2	70	199
1069812	1069871	2	70	191
1069812	1069871	2	70	192
1069812	1069871	2	70	193
1069812	1069871	2	70	194
1069812	1069871	2	70	195
1069812	1069871	2	70	196
1069812	1069871	2	70	197
1069812	1069871	2	70	198
1069812	1069871	2	70	199
1070923	1071017	2	70	191
1070923	1071017	2	70	192
1070923	1071017	2	70	193
1070923	1071017	2	70	194
1070923	1071017	2	70	195
1070923	1071017	2	70	196
1070923	1071017	2	70	197
1070923	1071017	2	70	198
1070923	1071017	2	70	199
1071080	1071234	2	70	191
1071080	1071234	2	70	192
1071080	1071234	2	70	193
1071080	1071234	2	70	194
1071080	1071234	2	70	195
1071080	1071234	2	70	196
1071080	1071234	2	70	197
1071080	1071234	2	70	198
1071080	1071234	2	70	199
1071319	1071384	2	70	194
1071319	1071942	2	70	199
1071884	1071955	2	70	195
1071968	1071993	2	70	194
1071968	1071993	2	70	197
1071968	1071993	2	70	198
1074123	1074328	2	70	191
1074123	1074328	2	70	192
1074123	1074328	2	70	193
1074123	1074328	2	70	196
1077990	1078197	2	71	200
1077990	1078197	2	71	201
1077990	1078197	2	71	202
1077990	1078197	2	71	203
1077990	1078197	2	71	204
1077990	1078197	2	71	205
1077990	1078197	2	71	206
1078258	1078378	2	71	200
1078258	1078378	2	71	201
1078258	1078378	2	71	202
1078258	1078378	2	71	203
1078258	1078378	2	71	204
1078258	1078378	2	71	205
1078258	1078378	2	71	206
1078432	1078780	2	71	200
1078432	1078780	2	71	201
1078432	1078780	2	71	202
1078432	1078780	2	71	203
1078432	1078780	2	71	204
1078432	1078780	2	71	205
1078432	1078780	2	71	206
1078835	1079129	2	71	200
1078835	1079129	2	71	201
1078835	1079129	2	71	202
1078835	1079129	2	71	203
1078835	1079129	2	71	204
1078835	1079129	2	71	205
1078835	1079129	2	71	206
1079726	1079913	2	71	200
1079726	1079913	2	71	201
1079726	1079913	2	71	206
1079726	1079976	2	71	202
1079726	1079976	2	71	203
1079726	1079976	2	71	204
1079726	1079976	2	71	205
1080044	1080461	2	71	200
1080044	1080461	2	71	201
1080044	1080461	2	71	202
1080044	1080461	2	71	203
1080044	1080461	2	71	204
1080044	1080461	2	71	205
1080044	1080461	2	71	206
1081038	1081259	2	71	200
1081038	1081259	2	71	201
1081038	1081278	2	71	204
1081038	1081278	2	71	205
1081038	1081284	2	71	203
1081038	1081284	2	71	206
1081364	1081541	2	71	201
1081364	1081541	2	71	205
1081364	1081541	2	71	206
1081366	1081541	2	71	200
1081366	1081541	2	71	203
1081366	1081541	2	71	204
1081398	1081511	2	71	202
1085537	1085647	1	72	207
1085709	1085808	1	72	207
1086481	1086510	1	72	207
1086565	1093730	1	72	207
1093786	1094006	1	72	207
1094064	1096182	1	72	207
1096241	1096361	1	72	207
1096417	1096829	1	72	207
1097945	1098454	2	73	208
1098511	1099144	2	73	208
1099198	1099454	2	73	208
1100882	1101832	2	73	208
1102752	1103898	2	73	208
1105239	1105417	2	73	208
1109443	1109687	1	74	209
1109443	1109687	1	74	210
1109443	1109687	1	74	211
1109443	1109687	1	74	212
1109443	1109687	1	74	213
1109443	1109687	1	74	214
1109443	1109687	1	74	215
1112884	1113253	1	74	209
1112884	1113253	1	74	210
1112884	1113253	1	74	211
1112884	1113253	1	74	212
1112884	1113253	1	74	213
1112884	1113253	1	74	214
1112884	1113253	1	74	215
1116201	1116341	1	74	209
1116201	1116341	1	74	210
1116201	1116341	1	74	211
1116201	1116341	1	74	212
1116201	1116341	1	74	213
1116201	1116341	1	74	214
1116201	1116341	1	74	215
1116419	1116457	1	74	209
1116419	1116457	1	74	210
1116419	1116457	1	74	211
1116419	1116457	1	74	212
1116419	1116457	1	74	213
1116419	1116457	1	74	214
1116419	1116457	1	74	215
1119012	1119583	1	74	216
1122559	1122724	1	74	209
1122559	1122724	1	74	210
1122559	1122724	1	74	211
1122559	1122724	1	74	212
1122559	1122724	1	74	213
1122559	1122724	1	74	214
1122559	1122724	1	74	215
1122559	1122724	1	74	216
1124160	1124357	1	74	209
1124160	1124357	1	74	210
1124160	1124357	1	74	211
1124160	1124357	1	74	212
1124160	1124357	1	74	213
1124160	1124357	1	74	214
1124160	1124357	1	74	215
1124160	1124357	1	74	216
1126777	1127222	1	74	209
1126777	1127222	1	74	210
1126777	1127222	1	74	211
1126777	1127222	1	74	212
1126777	1127222	1	74	213
1126777	1127222	1	74	214
1126777	1127222	1	74	215
1126777	1127222	1	74	216
1128324	1128415	1	74	209
1128324	1128415	1	74	210
1128324	1128415	1	74	211
1128324	1128415	1	74	212
1128324	1128415	1	74	213
1128324	1128415	1	74	214
1128324	1128415	1	74	215
1128324	1128415	1	74	216
1128723	1128969	1	74	209
1128723	1128969	1	74	210
1128723	1128969	1	74	211
1128723	1128969	1	74	212
1128723	1128969	1	74	213
1128723	1128969	1	74	214
1128723	1128969	1	74	215
1128723	1128969	1	74	216
1129099	1129197	1	74	210
1129099	1129197	1	74	211
1129099	1129197	1	74	213
1129099	1129197	1	74	214
1129099	1129197	1	74	215
1129105	1129197	1	74	212
1129734	1130225	1	74	211
1129734	1130225	1	74	212
1129734	1130225	1	74	213
1129734	1130225	1	74	214
1131389	1131513	1	74	213
1131406	1131513	1	74	209
1131406	1131513	1	74	210
1131406	1131513	1	74	212
1131406	1131513	1	74	214
1131406	1131513	1	74	216
1131406	1131600	1	74	211
1131406	1131600	1	74	215
1131913	1133942	1	74	209
1131913	1133942	1	74	210
1131913	1133942	1	74	212
1131913	1133942	1	74	213
1131913	1133942	1	74	214
1131913	1133942	1	74	216
1135803	1136519	2	75	217
1135803	1136519	2	75	218
1136581	1136704	2	75	217
1136581	1136704	2	75	218
1136951	1137081	2	75	217
1136951	1137081	2	75	218
1137140	1137223	2	75	217
1137140	1137223	2	75	218
1137285	1137839	2	75	217
1137285	1137839	2	75	218
1138476	1138530	2	75	217
1138476	1138530	2	75	218
1138593	1139642	2	75	217
1138593	1139642	2	75	218
1140562	1140672	2	75	217
1140562	1140672	2	75	218
1140731	1141231	2	75	217
1140731	1141231	2	75	218
1141284	1141426	2	75	217
1141284	1141426	2	75	218
1142084	1142247	2	75	217
1142084	1142247	2	75	218
1143453	1143582	2	75	217
1143848	1144023	2	75	218
1144799	1144956	1	76	219
1145061	1145323	1	76	219
1145393	1145518	1	76	219
1145575	1145806	1	76	219
1147232	1147377	1	77	220
1147232	1147377	1	77	221
1147232	1147377	1	77	222
1147434	1147566	1	77	220
1147434	1147566	1	77	221
1147434	1147566	1	77	222
1147627	1148040	1	77	220
1147627	1148040	1	77	221
1147627	1148040	1	77	222
1149114	1149280	1	77	220
1149114	1149280	1	77	221
1149114	1149280	1	77	222
1150060	1150113	1	77	220
1150060	1150113	1	77	221
1150060	1150113	1	77	222
1150191	1150355	1	77	220
1150191	1150355	1	77	221
1150191	1150355	1	77	222
1150650	1150808	1	77	220
1150650	1150808	1	77	221
1150650	1150808	1	77	222
1151008	1151211	1	77	220
1151008	1151211	1	77	221
1151008	1151211	1	77	222
1151818	1152021	1	77	220
1151818	1152021	1	77	222
1151818	1152218	1	77	221
1152114	1152218	1	77	220
1152114	1152218	1	77	222
1152326	1152583	1	77	220
1152326	1152583	1	77	222
1152710	1153198	1	77	220
1154500	1154697	1	77	220
1154500	1154697	1	77	222
1154777	1155719	1	77	220
1155719	1156109	1	77	222
1156164	1156546	1	77	222
1158453	1160625	2	78	223
1158453	1160625	2	78	224
1161112	1161526	2	78	223
1161112	1161526	2	78	224
1161585	1161992	2	78	223
1161585	1161992	2	78	224
1164074	1164190	2	78	223
1164074	1164190	2	78	224
1164252	1164493	2	78	223
1164252	1164493	2	78	224
1164610	1164738	2	78	223
1164610	1164738	2	78	224
1165591	1165725	2	78	223
1165591	1165725	2	78	224
1165833	1165946	2	78	224
1165833	1165966	2	78	223
1166666	1166746	2	78	224
1167095	1167148	2	78	223
1168091	1168243	1	79	225
1169614	1169838	1	79	225
1185507	1186112	1	79	225
1186175	1186992	1	79	225
1187291	1189864	1	79	225
1193093	1193655	2	80	226
1193093	1193655	2	80	227
1193709	1193828	2	80	226
1193709	1193828	2	80	227
1194431	1194722	2	80	226
1194431	1194722	2	80	227
1194784	1195553	2	80	226
1194784	1195553	2	80	227
1195607	1195748	2	80	226
1195607	1195748	2	80	227
1201673	1201906	2	80	226
1201673	1201906	2	80	227
1201993	1202270	2	80	226
1202215	1202241	2	80	227
1206398	1206459	1	81	228
1206430	1206591	1	81	229
1206430	1206591	1	81	230
1206769	1206844	1	81	231
1206954	1207259	1	81	231
1207098	1207259	1	81	229
1207098	1207259	1	81	230
1207125	1207259	1	81	228
1208147	1208197	1	81	229
1208147	1208197	1	81	231
1208147	1208239	1	81	228
1208147	1208239	1	81	230
1208360	1208505	1	81	228
1208360	1208505	1	81	229
1208360	1208505	1	81	230
1208360	1208505	1	81	231
1208814	1208974	1	81	228
1208814	1208974	1	81	229
1208814	1208974	1	81	230
1208814	1208974	1	81	231
1209679	1210314	1	81	228
1209679	1210314	1	81	229
1209679	1210314	1	81	230
1209679	1210314	1	81	231
1210506	1210633	1	81	228
1210506	1210633	1	81	229
1210506	1210633	1	81	230
1210506	1210633	1	81	231
1210692	1211174	1	81	228
1210692	1211174	1	81	229
1210692	1211174	1	81	230
1210692	1211174	1	81	231
1212645	1212787	1	81	228
1212645	1212787	1	81	229
1212645	1212787	1	81	230
1212645	1212787	1	81	231
1212850	1212931	1	81	228
1212850	1212931	1	81	229
1212850	1212931	1	81	230
1212850	1212931	1	81	231
1212982	1213326	1	81	228
1212982	1213326	1	81	229
1212982	1213326	1	81	230
1212982	1213326	1	81	231
1213041	1213277	2	82	232
1213041	1213277	2	82	233
1213331	1213395	2	82	232
1213331	1213395	2	82	233
1214185	1214279	2	82	232
1214185	1214279	2	82	233
1214333	1214484	2	82	232
1214333	1214484	2	82	233
1216053	1216221	2	82	232
1216053	1216221	2	82	233
1216285	1216415	2	82	232
1216285	1216415	2	82	233
1216467	1216716	2	82	232
1216467	1216716	2	82	233
1216790	1216887	2	82	232
1216790	1216887	2	82	233
1216945	1217102	2	82	232
1216945	1217102	2	82	233
1217333	1217465	2	82	232
1217383	1217465	2	82	233
1219483	1219800	1	83	234
1219483	1219800	1	83	235
1222920	1223324	1	84	236
1223419	1223749	1	83	234
1223419	1223749	1	83	235
1223801	1223920	1	83	234
1223801	1223920	1	83	235
1223985	1224413	1	83	234
1223985	1224413	1	83	235
1224987	1225007	1	83	234
1224987	1225007	1	83	235
1225216	1225375	1	83	234
1225216	1225375	1	83	235
1225433	1225674	1	83	234
1225433	1225674	1	83	235
1225731	1225889	1	83	234
1225731	1225889	1	83	235
1225947	1227064	1	83	235
1225947	1228192	1	83	234
1228839	1230169	2	85	237
1229460	1230169	2	85	238
1229460	1230169	2	85	239
1229460	1230169	2	85	240
1229460	1230169	2	85	241
1230230	1230571	2	85	237
1230230	1230571	2	85	238
1230230	1230571	2	85	239
1230230	1230571	2	85	240
1230230	1230571	2	85	241
1230624	1231224	2	85	237
1230624	1231224	2	85	238
1230624	1231224	2	85	239
1230624	1231224	2	85	240
1230624	1231224	2	85	241
1232378	1233240	2	85	237
1232378	1233240	2	85	238
1232378	1233240	2	85	239
1232378	1233240	2	85	240
1232378	1233240	2	85	241
1233305	1233843	2	85	237
1233305	1233843	2	85	238
1233305	1233843	2	85	239
1233305	1233843	2	85	240
1233305	1233843	2	85	241
1234031	1234145	2	85	237
1234031	1234145	2	85	238
1234172	1234421	2	85	239
1234172	1234432	2	85	241
1234223	1234432	2	85	237
1234223	1234432	2	85	238
1234374	1234417	2	85	240
1235703	1235915	1	86	242
1235703	1235915	1	86	243
1235703	1235915	1	86	244
1236854	1237235	1	86	242
1236854	1237235	1	86	243
1236854	1237235	1	86	244
1238404	1238524	1	86	242
1238404	1238524	1	86	243
1238404	1238524	1	86	244
1245455	1245622	1	86	242
1245455	1245622	1	86	243
1245455	1245622	1	86	244
1247202	1247377	1	86	242
1247202	1247377	1	86	243
1247202	1247377	1	86	244
1247444	1247675	1	86	242
1247444	1247675	1	86	243
1247444	1247675	1	86	244
1247739	1247989	1	86	242
1247739	1247989	1	86	243
1247739	1247989	1	86	244
1248062	1248076	1	86	242
1248826	1248949	1	86	242
1248826	1249056	1	86	243
1248826	1249056	1	86	244
1249010	1249056	1	86	242
1249104	1249248	1	86	242
1249104	1249248	1	86	243
1249104	1249248	1	86	244
1249302	1249408	1	86	242
1249302	1249408	1	86	243
1249302	1249408	1	86	244
1249477	1249652	1	86	242
1249477	1249652	1	86	243
1249477	1249652	1	86	244
1249715	1249921	1	86	242
1249715	1249921	1	86	243
1249715	1249921	1	86	244
1250827	1250963	1	86	242
1250827	1250963	1	86	243
1250827	1250963	1	86	244
1252028	1252215	1	86	242
1252028	1252215	1	86	243
1252028	1252215	1	86	244
1252272	1252561	1	86	242
1252272	1252561	1	86	243
1252272	1252561	1	86	244
1254496	1254608	1	86	242
1254496	1254608	1	86	243
1254496	1254608	1	86	244
1257731	1257937	1	86	243
1257731	1257937	1	86	244
1259567	1259723	1	86	242
1259567	1259723	1	86	243
1259567	1259723	1	86	244
1260187	1260946	1	86	244
1265677	1265818	1	86	242
1265677	1265818	1	86	243
1266137	1266304	1	86	242
1266137	1266304	1	86	243
1268381	1268690	1	86	242
1268381	1268690	1	86	243
1268381	1268690	1	86	244
1268754	1269134	1	86	242
1268754	1269134	1	86	243
1268754	1269134	1	86	244
1274457	1274593	1	86	242
1274457	1274593	1	86	243
1274457	1274593	1	86	244
1274650	1275486	1	86	242
1274650	1275486	1	86	243
1274650	1275486	1	86	244
